iter,type,temperature,oldFitness,newFitness,bestFitness,delta,improveTotal,stagnation
[IMPROVE] Iter=1 | T=154158 | NewBest=533975 | Δ=295 | ImproveTotal=1
[IMPROVE] Iter=7 | T=154158 | NewBest=529260 | Δ=4729 | ImproveTotal=2
[IMPROVE] Iter=8 | T=154158 | NewBest=528461 | Δ=799 | ImproveTotal=3
[IMPROVE] Iter=46 | T=153542 | NewBest=522131 | Δ=7035 | ImproveTotal=4
[IMPROVE] Iter=48 | T=153542 | NewBest=519451 | Δ=2772 | ImproveTotal=5
[IMPROVE] Iter=53 | T=153388 | NewBest=513096 | Δ=6447 | ImproveTotal=6
[IMPROVE] Iter=69 | T=153235 | NewBest=512915 | Δ=407 | ImproveTotal=7
[IMPROVE] Iter=84 | T=152929 | NewBest=511929 | Δ=2437 | ImproveTotal=8
[IMPROVE] Iter=111 | T=152470 | NewBest=511371 | Δ=1252 | ImproveTotal=9
[IMPROVE] Iter=112 | T=152470 | NewBest=511365 | Δ=6 | ImproveTotal=10
[IMPROVE] Iter=117 | T=152470 | NewBest=511299 | Δ=73 | ImproveTotal=11
[IMPROVE] Iter=122 | T=152318 | NewBest=511298 | Δ=1 | ImproveTotal=12
[IMPROVE] Iter=123 | T=152318 | NewBest=505326 | Δ=5972 | ImproveTotal=13
[IMPROVE] Iter=148 | T=152013 | NewBest=500561 | Δ=5032 | ImproveTotal=14
[IMPROVE] Iter=150 | T=152013 | NewBest=500544 | Δ=17 | ImproveTotal=15
[IMPROVE] Iter=160 | T=151861 | NewBest=498987 | Δ=1615 | ImproveTotal=16
[IMPROVE] Iter=163 | T=151710 | NewBest=498597 | Δ=424 | ImproveTotal=17
[IMPROVE] Iter=182 | T=151406 | NewBest=495690 | Δ=3095 | ImproveTotal=18
[IMPROVE] Iter=198 | T=151255 | NewBest=493455 | Δ=2411 | ImproveTotal=19
[IMPROVE] Iter=205 | T=151104 | NewBest=493032 | Δ=495 | ImproveTotal=20
[IMPROVE] Iter=206 | T=151104 | NewBest=493022 | Δ=10 | ImproveTotal=21
[IMPROVE] Iter=207 | T=151104 | NewBest=490583 | Δ=2439 | ImproveTotal=22
[IMPROVE] Iter=216 | T=150953 | NewBest=490226 | Δ=738 | ImproveTotal=23
[IMPROVE] Iter=217 | T=150953 | NewBest=490219 | Δ=7 | ImproveTotal=24
[IMPROVE] Iter=218 | T=150953 | NewBest=490218 | Δ=1 | ImproveTotal=25
[IMPROVE] Iter=219 | T=150953 | NewBest=490095 | Δ=123 | ImproveTotal=26
[IMPROVE] Iter=256 | T=150350 | NewBest=489789 | Δ=1933 | ImproveTotal=27
[IMPROVE] Iter=257 | T=150350 | NewBest=489772 | Δ=17 | ImproveTotal=28
[IMPROVE] Iter=265 | T=150199 | NewBest=487209 | Δ=2575 | ImproveTotal=29
[IMPROVE] Iter=282 | T=149899 | NewBest=485828 | Δ=1589 | ImproveTotal=30
[IMPROVE] Iter=283 | T=149899 | NewBest=485827 | Δ=1 | ImproveTotal=31
[IMPROVE] Iter=291 | T=149749 | NewBest=485802 | Δ=76 | ImproveTotal=32
[IMPROVE] Iter=293 | T=149749 | NewBest=484160 | Δ=1642 | ImproveTotal=33
[IMPROVE] Iter=295 | T=149749 | NewBest=483406 | Δ=754 | ImproveTotal=34
[IMPROVE] Iter=298 | T=149749 | NewBest=483395 | Δ=53 | ImproveTotal=35
[IMPROVE] Iter=299 | T=149749 | NewBest=483363 | Δ=32 | ImproveTotal=36
[IMPROVE] Iter=323 | T=149300 | NewBest=479916 | Δ=4971 | ImproveTotal=37
[IMPROVE] Iter=324 | T=149300 | NewBest=479894 | Δ=22 | ImproveTotal=38
[IMPROVE] Iter=325 | T=149300 | NewBest=475214 | Δ=4680 | ImproveTotal=39
[IMPROVE] Iter=335 | T=149151 | NewBest=472252 | Δ=3117 | ImproveTotal=40
[IMPROVE] Iter=374 | T=148555 | NewBest=469599 | Δ=3175 | ImproveTotal=41
[IMPROVE] Iter=389 | T=148407 | NewBest=464673 | Δ=5329 | ImproveTotal=42
[IMPROVE] Iter=392 | T=148258 | NewBest=464635 | Δ=38 | ImproveTotal=43
[IMPROVE] Iter=393 | T=148258 | NewBest=464621 | Δ=14 | ImproveTotal=44
[IMPROVE] Iter=395 | T=148258 | NewBest=462553 | Δ=2092 | ImproveTotal=45
[IMPROVE] Iter=397 | T=148258 | NewBest=462530 | Δ=23 | ImproveTotal=46
[IMPROVE] Iter=402 | T=148110 | NewBest=462520 | Δ=11 | ImproveTotal=47
[IMPROVE] Iter=410 | T=148110 | NewBest=462468 | Δ=57790 | ImproveTotal=48
[IMPROVE] Iter=425 | T=147814 | NewBest=462080 | Δ=3738 | ImproveTotal=49
[IMPROVE] Iter=450 | T=147519 | NewBest=457314 | Δ=5653 | ImproveTotal=50
[IMPROVE] Iter=453 | T=147371 | NewBest=455209 | Δ=2123 | ImproveTotal=51
[IMPROVE] Iter=460 | T=147371 | NewBest=449784 | Δ=5501 | ImproveTotal=52
[IMPROVE] Iter=464 | T=147224 | NewBest=448997 | Δ=981 | ImproveTotal=53
[IMPROVE] Iter=465 | T=147224 | NewBest=448906 | Δ=91 | ImproveTotal=54
[IMPROVE] Iter=466 | T=147224 | NewBest=448700 | Δ=206 | ImproveTotal=55
[IMPROVE] Iter=508 | T=146636 | NewBest=444333 | Δ=4713 | ImproveTotal=56
[IMPROVE] Iter=534 | T=146196 | NewBest=439686 | Δ=5738 | ImproveTotal=57
[IMPROVE] Iter=535 | T=146196 | NewBest=439546 | Δ=140 | ImproveTotal=58
[IMPROVE] Iter=536 | T=146196 | NewBest=439129 | Δ=417 | ImproveTotal=59
[IMPROVE] Iter=539 | T=146196 | NewBest=439127 | Δ=52 | ImproveTotal=60
[IMPROVE] Iter=544 | T=146050 | NewBest=436465 | Δ=2793 | ImproveTotal=61
[IMPROVE] Iter=545 | T=146050 | NewBest=436308 | Δ=157 | ImproveTotal=62
[IMPROVE] Iter=546 | T=146050 | NewBest=436212 | Δ=96 | ImproveTotal=63
[IMPROVE] Iter=550 | T=146050 | NewBest=433795 | Δ=28659 | ImproveTotal=64
[IMPROVE] Iter=551 | T=145904 | NewBest=433777 | Δ=18 | ImproveTotal=65
[IMPROVE] Iter=553 | T=145904 | NewBest=431830 | Δ=1961 | ImproveTotal=66
[IMPROVE] Iter=554 | T=145904 | NewBest=431828 | Δ=2 | ImproveTotal=67
[IMPROVE] Iter=562 | T=145758 | NewBest=430871 | Δ=27980 | ImproveTotal=68
[IMPROVE] Iter=565 | T=145758 | NewBest=430048 | Δ=6074 | ImproveTotal=69
[IMPROVE] Iter=568 | T=145758 | NewBest=430017 | Δ=31 | ImproveTotal=70
[IMPROVE] Iter=573 | T=145612 | NewBest=428117 | Δ=2407 | ImproveTotal=71
[IMPROVE] Iter=574 | T=145612 | NewBest=428107 | Δ=10 | ImproveTotal=72
[IMPROVE] Iter=619 | T=145031 | NewBest=422888 | Δ=185957 | ImproveTotal=73
[IMPROVE] Iter=621 | T=144886 | NewBest=422828 | Δ=88245 | ImproveTotal=74
[IMPROVE] Iter=626 | T=144886 | NewBest=422822 | Δ=6 | ImproveTotal=75
[IMPROVE] Iter=632 | T=144741 | NewBest=422741 | Δ=82 | ImproveTotal=76
[IMPROVE] Iter=633 | T=144741 | NewBest=422711 | Δ=30 | ImproveTotal=77
[IMPROVE] Iter=634 | T=144741 | NewBest=422703 | Δ=8 | ImproveTotal=78
[IMPROVE] Iter=637 | T=144741 | NewBest=422689 | Δ=57760 | ImproveTotal=79
[IMPROVE] Iter=647 | T=144596 | NewBest=422676 | Δ=98 | ImproveTotal=80
[IMPROVE] Iter=683 | T=144019 | NewBest=419851 | Δ=3768 | ImproveTotal=81
[IMPROVE] Iter=685 | T=144019 | NewBest=419815 | Δ=3165 | ImproveTotal=82
[IMPROVE] Iter=686 | T=144019 | NewBest=418695 | Δ=1120 | ImproveTotal=83
[IMPROVE] Iter=700 | T=143875 | NewBest=415928 | Δ=57769 | ImproveTotal=84
[IMPROVE] Iter=701 | T=143731 | NewBest=415917 | Δ=11 | ImproveTotal=85
[IMPROVE] Iter=702 | T=143731 | NewBest=415871 | Δ=46 | ImproveTotal=86
[IMPROVE] Iter=748 | T=143157 | NewBest=414470 | Δ=1907 | ImproveTotal=87
[IMPROVE] Iter=751 | T=143013 | NewBest=414468 | Δ=23 | ImproveTotal=88
[IMPROVE] Iter=752 | T=143013 | NewBest=414464 | Δ=4 | ImproveTotal=89
[IMPROVE] Iter=754 | T=143013 | NewBest=414373 | Δ=19986 | ImproveTotal=90
[IMPROVE] Iter=762 | T=142870 | NewBest=413785 | Δ=826 | ImproveTotal=91
[IMPROVE] Iter=763 | T=142870 | NewBest=413735 | Δ=50 | ImproveTotal=92
[IMPROVE] Iter=764 | T=142870 | NewBest=413598 | Δ=137 | ImproveTotal=93
[IMPROVE] Iter=766 | T=142870 | NewBest=413588 | Δ=28 | ImproveTotal=94
[IMPROVE] Iter=774 | T=142728 | NewBest=413582 | Δ=6 | ImproveTotal=95
[IMPROVE] Iter=780 | T=142728 | NewBest=411605 | Δ=2236 | ImproveTotal=96
[IMPROVE] Iter=781 | T=142585 | NewBest=408435 | Δ=3170 | ImproveTotal=97
[IMPROVE] Iter=840 | T=141873 | NewBest=405406 | Δ=4345 | ImproveTotal=98
[IMPROVE] Iter=844 | T=141731 | NewBest=405206 | Δ=210 | ImproveTotal=99
[IMPROVE] Iter=845 | T=141731 | NewBest=405093 | Δ=113 | ImproveTotal=100
[IMPROVE] Iter=846 | T=141731 | NewBest=405068 | Δ=25 | ImproveTotal=101
[IMPROVE] Iter=850 | T=141731 | NewBest=405053 | Δ=66 | ImproveTotal=102
[IMPROVE] Iter=856 | T=141590 | NewBest=404070 | Δ=1151 | ImproveTotal=103
[IMPROVE] Iter=858 | T=141590 | NewBest=404062 | Δ=8 | ImproveTotal=104
[IMPROVE] Iter=868 | T=141448 | NewBest=403074 | Δ=1310 | ImproveTotal=105
[IMPROVE] Iter=869 | T=141448 | NewBest=403054 | Δ=20 | ImproveTotal=106
[IMPROVE] Iter=870 | T=141448 | NewBest=402984 | Δ=70 | ImproveTotal=107
[IMPROVE] Iter=872 | T=141307 | NewBest=402970 | Δ=14 | ImproveTotal=108
[IMPROVE] Iter=873 | T=141307 | NewBest=402959 | Δ=11 | ImproveTotal=109
[IMPROVE] Iter=874 | T=141307 | NewBest=402933 | Δ=26 | ImproveTotal=110
[IMPROVE] Iter=882 | T=141165 | NewBest=401967 | Δ=1159 | ImproveTotal=111
[IMPROVE] Iter=889 | T=141165 | NewBest=401473 | Δ=1278 | ImproveTotal=112
[IMPROVE] Iter=903 | T=140883 | NewBest=399988 | Δ=1804 | ImproveTotal=113
[IMPROVE] Iter=906 | T=140883 | NewBest=399957 | Δ=43 | ImproveTotal=114
[IMPROVE] Iter=908 | T=140883 | NewBest=399933 | Δ=37 | ImproveTotal=115
[IMPROVE] Iter=910 | T=140883 | NewBest=399912 | Δ=53 | ImproveTotal=116
[IMPROVE] Iter=911 | T=140742 | NewBest=399844 | Δ=68 | ImproveTotal=117
[IMPROVE] Iter=912 | T=140742 | NewBest=399823 | Δ=21 | ImproveTotal=118
[IMPROVE] Iter=917 | T=140742 | NewBest=399751 | Δ=72 | ImproveTotal=119
[IMPROVE] Iter=918 | T=140742 | NewBest=399714 | Δ=37 | ImproveTotal=120
[IMPROVE] Iter=923 | T=140602 | NewBest=399670 | Δ=33804 | ImproveTotal=121
[IMPROVE] Iter=928 | T=140602 | NewBest=399634 | Δ=36 | ImproveTotal=122
[IMPROVE] Iter=934 | T=140461 | NewBest=399632 | Δ=49 | ImproveTotal=123
[IMPROVE] Iter=951 | T=140180 | NewBest=399411 | Δ=519 | ImproveTotal=124
[IMPROVE] Iter=952 | T=140180 | NewBest=399356 | Δ=55 | ImproveTotal=125
[IMPROVE] Iter=956 | T=140180 | NewBest=397980 | Δ=2154 | ImproveTotal=126
[IMPROVE] Iter=957 | T=140180 | NewBest=397571 | Δ=409 | ImproveTotal=127
[IMPROVE] Iter=958 | T=140180 | NewBest=397482 | Δ=89 | ImproveTotal=128
[IMPROVE] Iter=959 | T=140180 | NewBest=397476 | Δ=6 | ImproveTotal=129
[IMPROVE] Iter=960 | T=140180 | NewBest=397401 | Δ=75 | ImproveTotal=130
[IMPROVE] Iter=970 | T=140040 | NewBest=394048 | Δ=3508 | ImproveTotal=131
[IMPROVE] Iter=981 | T=139760 | NewBest=392873 | Δ=1195 | ImproveTotal=132
[IMPROVE] Iter=1095 | T=138230 | NewBest=392246 | Δ=3534 | ImproveTotal=133
[IMPROVE] Iter=1097 | T=138230 | NewBest=391573 | Δ=693 | ImproveTotal=134
[IMPROVE] Iter=1099 | T=138230 | NewBest=391541 | Δ=37 | ImproveTotal=135
[IMPROVE] Iter=1101 | T=138092 | NewBest=391483 | Δ=19995 | ImproveTotal=136
[IMPROVE] Iter=1107 | T=138092 | NewBest=391408 | Δ=75 | ImproveTotal=137
[IMPROVE] Iter=1112 | T=137954 | NewBest=391406 | Δ=22 | ImproveTotal=138
[IMPROVE] Iter=1120 | T=137954 | NewBest=390303 | Δ=198452 | ImproveTotal=139
[IMPROVE] Iter=1278 | T=135763 | NewBest=388030 | Δ=5636 | ImproveTotal=140
[IMPROVE] Iter=1281 | T=135628 | NewBest=388017 | Δ=24 | ImproveTotal=141
[IMPROVE] Iter=1285 | T=135628 | NewBest=385835 | Δ=2293 | ImproveTotal=142
[IMPROVE] Iter=1288 | T=135628 | NewBest=385810 | Δ=25 | ImproveTotal=143
[IMPROVE] Iter=2018 | T=126075 | NewBest=381105 | Δ=5217 | ImproveTotal=144
[IMPROVE] Iter=2021 | T=125949 | NewBest=381099 | Δ=6 | ImproveTotal=145
[IMPROVE] Iter=2023 | T=125949 | NewBest=378373 | Δ=2726 | ImproveTotal=146
[IMPROVE] Iter=2027 | T=125949 | NewBest=378334 | Δ=39 | ImproveTotal=147
[IMPROVE] Iter=2038 | T=125823 | NewBest=378264 | Δ=190 | ImproveTotal=148
[IMPROVE] Iter=2113 | T=124820 | NewBest=376141 | Δ=148733 | ImproveTotal=149
[IMPROVE] Iter=2117 | T=124820 | NewBest=376135 | Δ=6 | ImproveTotal=150
[IMPROVE] Iter=2121 | T=124695 | NewBest=373660 | Δ=2475 | ImproveTotal=151
[IMPROVE] Iter=2124 | T=124695 | NewBest=373632 | Δ=454 | ImproveTotal=152
[IMPROVE] Iter=2132 | T=124570 | NewBest=373624 | Δ=8 | ImproveTotal=153
[IMPROVE] Iter=2244 | T=123207 | NewBest=373320 | Δ=1545 | ImproveTotal=154
[IMPROVE] Iter=2310 | T=122469 | NewBest=372933 | Δ=837 | ImproveTotal=155
[IMPROVE] Iter=2312 | T=122347 | NewBest=372909 | Δ=24 | ImproveTotal=156
[IMPROVE] Iter=2334 | T=122102 | NewBest=370776 | Δ=2533 | ImproveTotal=157
[IMPROVE] Iter=2336 | T=122102 | NewBest=370731 | Δ=48164 | ImproveTotal=158
[IMPROVE] Iter=2342 | T=121980 | NewBest=370654 | Δ=128 | ImproveTotal=159
[IMPROVE] Iter=2354 | T=121858 | NewBest=366075 | Δ=5047 | ImproveTotal=160
[IMPROVE] Iter=2356 | T=121858 | NewBest=365918 | Δ=157 | ImproveTotal=161
[IMPROVE] Iter=2359 | T=121858 | NewBest=365911 | Δ=7 | ImproveTotal=162
[IMPROVE] Iter=2360 | T=121858 | NewBest=365743 | Δ=168 | ImproveTotal=163
[IMPROVE] Iter=2373 | T=121615 | NewBest=365733 | Δ=130 | ImproveTotal=164
[IMPROVE] Iter=2375 | T=121615 | NewBest=365687 | Δ=46 | ImproveTotal=165
[IMPROVE] Iter=2376 | T=121615 | NewBest=365651 | Δ=36 | ImproveTotal=166
[IMPROVE] Iter=2378 | T=121615 | NewBest=365615 | Δ=36 | ImproveTotal=167
[IMPROVE] Iter=2489 | T=120284 | NewBest=361109 | Δ=4729 | ImproveTotal=168
[IMPROVE] Iter=2490 | T=120284 | NewBest=360983 | Δ=126 | ImproveTotal=169
[IMPROVE] Iter=2491 | T=120163 | NewBest=360872 | Δ=111 | ImproveTotal=170
[IMPROVE] Iter=2521 | T=119803 | NewBest=360851 | Δ=119 | ImproveTotal=171
[IMPROVE] Iter=2545 | T=119564 | NewBest=360620 | Δ=429 | ImproveTotal=172
[IMPROVE] Iter=2546 | T=119564 | NewBest=355357 | Δ=5263 | ImproveTotal=173
[IMPROVE] Iter=2575 | T=119205 | NewBest=351324 | Δ=4884 | ImproveTotal=174
[IMPROVE] Iter=2677 | T=118019 | NewBest=349451 | Δ=3482 | ImproveTotal=175
[IMPROVE] Iter=2678 | T=118019 | NewBest=349435 | Δ=16 | ImproveTotal=176
[IMPROVE] Iter=2688 | T=117901 | NewBest=348134 | Δ=1360 | ImproveTotal=177
[IMPROVE] Iter=2690 | T=117901 | NewBest=348044 | Δ=90 | ImproveTotal=178
[IMPROVE] Iter=2694 | T=117783 | NewBest=346419 | Δ=1893 | ImproveTotal=179
[IMPROVE] Iter=2695 | T=117783 | NewBest=345960 | Δ=459 | ImproveTotal=180
[IMPROVE] Iter=2696 | T=117783 | NewBest=345790 | Δ=170 | ImproveTotal=181
[IMPROVE] Iter=2712 | T=117547 | NewBest=345549 | Δ=243 | ImproveTotal=182
[IMPROVE] Iter=2720 | T=117547 | NewBest=345492 | Δ=57 | ImproveTotal=183
[IMPROVE] Iter=2721 | T=117430 | NewBest=345286 | Δ=206 | ImproveTotal=184
[IMPROVE] Iter=2725 | T=117430 | NewBest=345173 | Δ=113 | ImproveTotal=185
[IMPROVE] Iter=2730 | T=117430 | NewBest=345102 | Δ=129 | ImproveTotal=186
[IMPROVE] Iter=2731 | T=117312 | NewBest=345080 | Δ=22 | ImproveTotal=187
[IMPROVE] Iter=2733 | T=117312 | NewBest=344978 | Δ=102 | ImproveTotal=188
[IMPROVE] Iter=2740 | T=117312 | NewBest=344695 | Δ=283 | ImproveTotal=189
[IMPROVE] Iter=2806 | T=116494 | NewBest=342374 | Δ=3233 | ImproveTotal=190
[IMPROVE] Iter=2820 | T=116377 | NewBest=342347 | Δ=117 | ImproveTotal=191
[IMPROVE] Iter=2835 | T=116144 | NewBest=338554 | Δ=4387 | ImproveTotal=192
[IMPROVE] Iter=2838 | T=116144 | NewBest=338458 | Δ=96 | ImproveTotal=193
[IMPROVE] Iter=2839 | T=116144 | NewBest=335337 | Δ=3121 | ImproveTotal=194
[IMPROVE] Iter=2840 | T=116144 | NewBest=331713 | Δ=3624 | ImproveTotal=195
[IMPROVE] Iter=2851 | T=115912 | NewBest=331701 | Δ=730 | ImproveTotal=196
[IMPROVE] Iter=2921 | T=115103 | NewBest=330092 | Δ=4667 | ImproveTotal=197
[IMPROVE] Iter=2923 | T=115103 | NewBest=329758 | Δ=334 | ImproveTotal=198
[IMPROVE] Iter=2925 | T=115103 | NewBest=329751 | Δ=7 | ImproveTotal=199
[IMPROVE] Iter=2926 | T=115103 | NewBest=327966 | Δ=1785 | ImproveTotal=200
[IMPROVE] Iter=2927 | T=115103 | NewBest=327912 | Δ=54 | ImproveTotal=201
[IMPROVE] Iter=2944 | T=114873 | NewBest=327899 | Δ=13 | ImproveTotal=202
[IMPROVE] Iter=3178 | T=112260 | NewBest=327604 | Δ=3748 | ImproveTotal=203
[IMPROVE] Iter=3183 | T=112148 | NewBest=327054 | Δ=610 | ImproveTotal=204
[IMPROVE] Iter=3195 | T=112036 | NewBest=326993 | Δ=103 | ImproveTotal=205
[IMPROVE] Iter=3210 | T=111924 | NewBest=325050 | Δ=2528 | ImproveTotal=206
[IMPROVE] Iter=3219 | T=111812 | NewBest=324989 | Δ=61 | ImproveTotal=207
[IMPROVE] Iter=3222 | T=111700 | NewBest=324741 | Δ=248 | ImproveTotal=208
[IMPROVE] Iter=3237 | T=111588 | NewBest=324739 | Δ=92 | ImproveTotal=209
[IMPROVE] Iter=3246 | T=111477 | NewBest=324726 | Δ=13 | ImproveTotal=210
[IMPROVE] Iter=3501 | T=108614 | NewBest=323344 | Δ=4192 | ImproveTotal=211
[IMPROVE] Iter=3502 | T=108614 | NewBest=323229 | Δ=115 | ImproveTotal=212
[IMPROVE] Iter=3509 | T=108614 | NewBest=323214 | Δ=96 | ImproveTotal=213
[IMPROVE] Iter=3514 | T=108505 | NewBest=320912 | Δ=2302 | ImproveTotal=214
[IMPROVE] Iter=3522 | T=108397 | NewBest=320878 | Δ=138 | ImproveTotal=215
[IMPROVE] Iter=3543 | T=108180 | NewBest=317094 | Δ=185768 | ImproveTotal=216
[IMPROVE] Iter=3663 | T=106889 | NewBest=316306 | Δ=1132 | ImproveTotal=217
[IMPROVE] Iter=3669 | T=106889 | NewBest=316226 | Δ=162489 | ImproveTotal=218
[IMPROVE] Iter=3673 | T=106782 | NewBest=316157 | Δ=153 | ImproveTotal=219
[IMPROVE] Iter=3674 | T=106782 | NewBest=315617 | Δ=540 | ImproveTotal=220
[IMPROVE] Iter=3721 | T=106250 | NewBest=315464 | Δ=173 | ImproveTotal=221
[IMPROVE] Iter=3734 | T=106143 | NewBest=315434 | Δ=126 | ImproveTotal=222
[IMPROVE] Iter=3769 | T=105825 | NewBest=313906 | Δ=2078 | ImproveTotal=223
[IMPROVE] Iter=3770 | T=105825 | NewBest=313894 | Δ=12 | ImproveTotal=224
[IMPROVE] Iter=3822 | T=105192 | NewBest=310876 | Δ=3436 | ImproveTotal=225
[IMPROVE] Iter=3840 | T=105087 | NewBest=310754 | Δ=465 | ImproveTotal=226
[IMPROVE] Iter=3866 | T=104772 | NewBest=310689 | Δ=841 | ImproveTotal=227
[IMPROVE] Iter=3869 | T=104772 | NewBest=310384 | Δ=447 | ImproveTotal=228
[IMPROVE] Iter=3914 | T=104249 | NewBest=310338 | Δ=78 | ImproveTotal=229
[IMPROVE] Iter=4063 | T=102696 | NewBest=309909 | Δ=1515 | ImproveTotal=230
[IMPROVE] Iter=4064 | T=102696 | NewBest=306285 | Δ=3624 | ImproveTotal=231
[IMPROVE] Iter=4166 | T=101674 | NewBest=306123 | Δ=195 | ImproveTotal=232
[IMPROVE] Iter=4167 | T=101674 | NewBest=305842 | Δ=281 | ImproveTotal=233
[IMPROVE] Iter=4182 | T=101470 | NewBest=305771 | Δ=393 | ImproveTotal=234
[IMPROVE] Iter=4203 | T=101268 | NewBest=302746 | Δ=3755 | ImproveTotal=235
[IMPROVE] Iter=4206 | T=101268 | NewBest=302679 | Δ=67 | ImproveTotal=236
[IMPROVE] Iter=4246 | T=100863 | NewBest=299540 | Δ=3704 | ImproveTotal=237
[IMPROVE] Iter=4252 | T=100762 | NewBest=299439 | Δ=101 | ImproveTotal=238
[IMPROVE] Iter=4260 | T=100762 | NewBest=298141 | Δ=1397 | ImproveTotal=239
[IMPROVE] Iter=4261 | T=100661 | NewBest=298097 | Δ=44 | ImproveTotal=240
[IMPROVE] Iter=4270 | T=100661 | NewBest=297730 | Δ=467 | ImproveTotal=241
[IMPROVE] Iter=4272 | T=100561 | NewBest=297701 | Δ=29 | ImproveTotal=242
[IMPROVE] Iter=4275 | T=100561 | NewBest=297669 | Δ=32 | ImproveTotal=243
[IMPROVE] Iter=4285 | T=100460 | NewBest=296731 | Δ=3165 | ImproveTotal=244
[IMPROVE] Iter=4287 | T=100460 | NewBest=296696 | Δ=35 | ImproveTotal=245
[IMPROVE] Iter=4290 | T=100460 | NewBest=296542 | Δ=154 | ImproveTotal=246
[IMPROVE] Iter=4296 | T=100360 | NewBest=295435 | Δ=1107 | ImproveTotal=247
[IMPROVE] Iter=4343 | T=99859 | NewBest=292838 | Δ=3123 | ImproveTotal=248
[IMPROVE] Iter=4350 | T=99859 | NewBest=292784 | Δ=71 | ImproveTotal=249
[IMPROVE] Iter=4351 | T=99759.1 | NewBest=292580 | Δ=204 | ImproveTotal=250
[IMPROVE] Iter=4353 | T=99759.1 | NewBest=292541 | Δ=39 | ImproveTotal=251
[IMPROVE] Iter=4354 | T=99759.1 | NewBest=292536 | Δ=5 | ImproveTotal=252
[IMPROVE] Iter=4360 | T=99759.1 | NewBest=292271 | Δ=266 | ImproveTotal=253
[IMPROVE] Iter=4362 | T=99659.4 | NewBest=292263 | Δ=8 | ImproveTotal=254
[IMPROVE] Iter=4363 | T=99659.4 | NewBest=290774 | Δ=1489 | ImproveTotal=255
[IMPROVE] Iter=4364 | T=99659.4 | NewBest=290766 | Δ=8 | ImproveTotal=256
[IMPROVE] Iter=4366 | T=99659.4 | NewBest=290758 | Δ=8 | ImproveTotal=257
[IMPROVE] Iter=4381 | T=99460.2 | NewBest=290470 | Δ=444 | ImproveTotal=258
[IMPROVE] Iter=4396 | T=99360.7 | NewBest=290422 | Δ=59 | ImproveTotal=259
[IMPROVE] Iter=4438 | T=98963.9 | NewBest=289891 | Δ=1406 | ImproveTotal=260
[IMPROVE] Iter=4440 | T=98963.9 | NewBest=289795 | Δ=96 | ImproveTotal=261
[IMPROVE] Iter=4445 | T=98864.9 | NewBest=289419 | Δ=376 | ImproveTotal=262
[IMPROVE] Iter=4498 | T=98371.6 | NewBest=288096 | Δ=168190 | ImproveTotal=263
[IMPROVE] Iter=4499 | T=98371.6 | NewBest=287981 | Δ=115 | ImproveTotal=264
[IMPROVE] Iter=4518 | T=98174.9 | NewBest=287843 | Δ=125031 | ImproveTotal=265
[IMPROVE] Iter=4522 | T=98076.7 | NewBest=287652 | Δ=26408 | ImproveTotal=266
[IMPROVE] Iter=4523 | T=98076.7 | NewBest=287467 | Δ=185 | ImproveTotal=267
[IMPROVE] Iter=4589 | T=97489.7 | NewBest=286882 | Δ=3259 | ImproveTotal=268
[IMPROVE] Iter=4590 | T=97489.7 | NewBest=286745 | Δ=137 | ImproveTotal=269
[IMPROVE] Iter=4796 | T=95462.8 | NewBest=286387 | Δ=1076 | ImproveTotal=270
[IMPROVE] Iter=4798 | T=95462.8 | NewBest=286360 | Δ=27 | ImproveTotal=271
[IMPROVE] Iter=4799 | T=95462.8 | NewBest=286359 | Δ=1 | ImproveTotal=272
[IMPROVE] Iter=4800 | T=95462.8 | NewBest=286346 | Δ=13 | ImproveTotal=273
[IMPROVE] Iter=4822 | T=95176.7 | NewBest=286266 | Δ=106 | ImproveTotal=274
[IMPROVE] Iter=4830 | T=95176.7 | NewBest=286072 | Δ=194 | ImproveTotal=275
[IMPROVE] Iter=4894 | T=94512.5 | NewBest=284551 | Δ=2013 | ImproveTotal=276
[IMPROVE] Iter=4895 | T=94512.5 | NewBest=284317 | Δ=234 | ImproveTotal=277
[IMPROVE] Iter=4897 | T=94512.5 | NewBest=284137 | Δ=180 | ImproveTotal=278
[IMPROVE] Iter=4898 | T=94512.5 | NewBest=283959 | Δ=178 | ImproveTotal=279
[IMPROVE] Iter=4906 | T=94417.9 | NewBest=283948 | Δ=423 | ImproveTotal=280
[IMPROVE] Iter=4907 | T=94417.9 | NewBest=283918 | Δ=30 | ImproveTotal=281
[IMPROVE] Iter=4941 | T=94040.8 | NewBest=283859 | Δ=16449 | ImproveTotal=282
[IMPROVE] Iter=4944 | T=94040.8 | NewBest=282876 | Δ=983 | ImproveTotal=283
[IMPROVE] Iter=5604 | T=88031.6 | NewBest=281825 | Δ=2082 | ImproveTotal=284
[IMPROVE] Iter=5757 | T=86720.4 | NewBest=280984 | Δ=1801 | ImproveTotal=285
[IMPROVE] Iter=5764 | T=86633.6 | NewBest=280596 | Δ=390 | ImproveTotal=286
[IMPROVE] Iter=5765 | T=86633.6 | NewBest=279064 | Δ=1532 | ImproveTotal=287
[IMPROVE] Iter=5775 | T=86547 | NewBest=278878 | Δ=346 | ImproveTotal=288
[IMPROVE] Iter=5787 | T=86460.5 | NewBest=278835 | Δ=43 | ImproveTotal=289
[IMPROVE] Iter=5806 | T=86287.6 | NewBest=277594 | Δ=1381 | ImproveTotal=290
[IMPROVE] Iter=5818 | T=86201.3 | NewBest=277532 | Δ=68 | ImproveTotal=291
[IMPROVE] Iter=5829 | T=86115.1 | NewBest=277408 | Δ=176 | ImproveTotal=292
[IMPROVE] Iter=5830 | T=86115.1 | NewBest=277406 | Δ=2 | ImproveTotal=293
[IMPROVE] Iter=5835 | T=86029 | NewBest=276972 | Δ=434 | ImproveTotal=294
[IMPROVE] Iter=5840 | T=86029 | NewBest=276925 | Δ=47 | ImproveTotal=295
[IMPROVE] Iter=5850 | T=85943 | NewBest=276805 | Δ=173 | ImproveTotal=296
[IMPROVE] Iter=5855 | T=85857 | NewBest=276762 | Δ=43 | ImproveTotal=297
[IMPROVE] Iter=5937 | T=85172.6 | NewBest=275235 | Δ=2050 | ImproveTotal=298
[IMPROVE] Iter=5939 | T=85172.6 | NewBest=275152 | Δ=83 | ImproveTotal=299
[IMPROVE] Iter=5945 | T=85087.4 | NewBest=275099 | Δ=112 | ImproveTotal=300
[IMPROVE] Iter=6006 | T=84578.2 | NewBest=275014 | Δ=1045 | ImproveTotal=301
[IMPROVE] Iter=6011 | T=84493.6 | NewBest=274884 | Δ=130 | ImproveTotal=302
[IMPROVE] Iter=6012 | T=84493.6 | NewBest=274136 | Δ=748 | ImproveTotal=303
[IMPROVE] Iter=6080 | T=83987.9 | NewBest=274088 | Δ=371 | ImproveTotal=304
[IMPROVE] Iter=6084 | T=83903.9 | NewBest=274076 | Δ=12 | ImproveTotal=305
[IMPROVE] Iter=6088 | T=83903.9 | NewBest=274031 | Δ=72 | ImproveTotal=306
[IMPROVE] Iter=6242 | T=82571.5 | NewBest=272639 | Δ=24194 | ImproveTotal=307
[IMPROVE] Iter=6347 | T=81749.5 | NewBest=270692 | Δ=2810 | ImproveTotal=308
[IMPROVE] Iter=6350 | T=81749.5 | NewBest=270683 | Δ=65 | ImproveTotal=309
[IMPROVE] Iter=6358 | T=81667.7 | NewBest=269045 | Δ=1822 | ImproveTotal=310
[IMPROVE] Iter=6359 | T=81667.7 | NewBest=268958 | Δ=87 | ImproveTotal=311
[IMPROVE] Iter=6361 | T=81586 | NewBest=268845 | Δ=113 | ImproveTotal=312
[IMPROVE] Iter=6366 | T=81586 | NewBest=266117 | Δ=2753 | ImproveTotal=313
[IMPROVE] Iter=6371 | T=81504.5 | NewBest=266111 | Δ=16 | ImproveTotal=314
[IMPROVE] Iter=6372 | T=81504.5 | NewBest=265989 | Δ=122 | ImproveTotal=315
[IMPROVE] Iter=6401 | T=81260.2 | NewBest=265849 | Δ=306 | ImproveTotal=316
[IMPROVE] Iter=6403 | T=81260.2 | NewBest=265723 | Δ=126 | ImproveTotal=317
[IMPROVE] Iter=6405 | T=81260.2 | NewBest=265703 | Δ=20 | ImproveTotal=318
[IMPROVE] Iter=6419 | T=81178.9 | NewBest=265633 | Δ=191 | ImproveTotal=319
[IMPROVE] Iter=6522 | T=80290.4 | NewBest=265217 | Δ=568 | ImproveTotal=320
[IMPROVE] Iter=6524 | T=80290.4 | NewBest=265204 | Δ=13 | ImproveTotal=321
[IMPROVE] Iter=6531 | T=80210.1 | NewBest=265202 | Δ=2 | ImproveTotal=322
[IMPROVE] Iter=6560 | T=80049.8 | NewBest=262956 | Δ=2790 | ImproveTotal=323
[IMPROVE] Iter=6562 | T=79969.7 | NewBest=262931 | Δ=25 | ImproveTotal=324
[IMPROVE] Iter=6594 | T=79730.1 | NewBest=262120 | Δ=2083 | ImproveTotal=325
[IMPROVE] Iter=6652 | T=79252.9 | NewBest=259918 | Δ=2523 | ImproveTotal=326
[IMPROVE] Iter=6723 | T=78699.8 | NewBest=259501 | Δ=2339 | ImproveTotal=327
[IMPROVE] Iter=6724 | T=78699.8 | NewBest=259490 | Δ=11 | ImproveTotal=328
[IMPROVE] Iter=6776 | T=78307 | NewBest=259234 | Δ=300 | ImproveTotal=329
[IMPROVE] Iter=6779 | T=78307 | NewBest=259196 | Δ=38 | ImproveTotal=330
[IMPROVE] Iter=6788 | T=78228.7 | NewBest=258981 | Δ=249 | ImproveTotal=331
[IMPROVE] Iter=6795 | T=78150.5 | NewBest=258894 | Δ=87 | ImproveTotal=332
[IMPROVE] Iter=7414 | T=73450.1 | NewBest=258882 | Δ=225 | ImproveTotal=333
[IMPROVE] Iter=7471 | T=73010.5 | NewBest=258496 | Δ=1099 | ImproveTotal=334
[IMPROVE] Iter=7514 | T=72718.8 | NewBest=256982 | Δ=2112 | ImproveTotal=335
[IMPROVE] Iter=7517 | T=72718.8 | NewBest=256664 | Δ=318 | ImproveTotal=336
[IMPROVE] Iter=7518 | T=72718.8 | NewBest=256293 | Δ=371 | ImproveTotal=337
[IMPROVE] Iter=7522 | T=72646.1 | NewBest=255533 | Δ=760 | ImproveTotal=338
[IMPROVE] Iter=7523 | T=72646.1 | NewBest=255518 | Δ=15 | ImproveTotal=339
[IMPROVE] Iter=7524 | T=72646.1 | NewBest=255499 | Δ=19 | ImproveTotal=340
[IMPROVE] Iter=7527 | T=72646.1 | NewBest=255479 | Δ=20 | ImproveTotal=341
[IMPROVE] Iter=7528 | T=72646.1 | NewBest=254852 | Δ=627 | ImproveTotal=342
[IMPROVE] Iter=7529 | T=72646.1 | NewBest=254811 | Δ=41 | ImproveTotal=343
[IMPROVE] Iter=7530 | T=72646.1 | NewBest=254522 | Δ=289 | ImproveTotal=344
[IMPROVE] Iter=7531 | T=72573.5 | NewBest=254269 | Δ=253 | ImproveTotal=345
[IMPROVE] Iter=7568 | T=72356 | NewBest=253442 | Δ=1824 | ImproveTotal=346
[IMPROVE] Iter=7592 | T=72139.1 | NewBest=252263 | Δ=1763 | ImproveTotal=347
[IMPROVE] Iter=7599 | T=72139.1 | NewBest=252168 | Δ=95 | ImproveTotal=348
[IMPROVE] Iter=7607 | T=72067 | NewBest=251956 | Δ=216 | ImproveTotal=349
[IMPROVE] Iter=7609 | T=72067 | NewBest=251868 | Δ=20018 | ImproveTotal=350
[IMPROVE] Iter=7617 | T=71994.9 | NewBest=251705 | Δ=163 | ImproveTotal=351
[IMPROVE] Iter=7735 | T=71135.7 | NewBest=251488 | Δ=561 | ImproveTotal=352
[IMPROVE] Iter=7736 | T=71135.7 | NewBest=251461 | Δ=27 | ImproveTotal=353
[IMPROVE] Iter=7737 | T=71135.7 | NewBest=251436 | Δ=25 | ImproveTotal=354
[IMPROVE] Iter=7784 | T=70780.8 | NewBest=251356 | Δ=193 | ImproveTotal=355
[IMPROVE] Iter=7787 | T=70780.8 | NewBest=251268 | Δ=88 | ImproveTotal=356
[IMPROVE] Iter=7793 | T=70710 | NewBest=251231 | Δ=37 | ImproveTotal=357
[IMPROVE] Iter=7794 | T=70710 | NewBest=251039 | Δ=192 | ImproveTotal=358
[IMPROVE] Iter=7807 | T=70639.3 | NewBest=250846 | Δ=284 | ImproveTotal=359
[IMPROVE] Iter=7813 | T=70568.6 | NewBest=250604 | Δ=247 | ImproveTotal=360
[IMPROVE] Iter=7814 | T=70568.6 | NewBest=248848 | Δ=1756 | ImproveTotal=361
[IMPROVE] Iter=7826 | T=70498.1 | NewBest=248754 | Δ=307 | ImproveTotal=362
[IMPROVE] Iter=7832 | T=70427.6 | NewBest=248672 | Δ=131 | ImproveTotal=363
[IMPROVE] Iter=7834 | T=70427.6 | NewBest=248623 | Δ=75 | ImproveTotal=364
[IMPROVE] Iter=7943 | T=69656.7 | NewBest=248617 | Δ=466 | ImproveTotal=365
[IMPROVE] Iter=7946 | T=69656.7 | NewBest=248606 | Δ=31 | ImproveTotal=366
[IMPROVE] Iter=8070 | T=68825.4 | NewBest=248534 | Δ=169 | ImproveTotal=367
[IMPROVE] Iter=8089 | T=68687.8 | NewBest=248517 | Δ=28 | ImproveTotal=368
[IMPROVE] Iter=8091 | T=68619.1 | NewBest=248366 | Δ=151 | ImproveTotal=369
[IMPROVE] Iter=8094 | T=68619.1 | NewBest=247664 | Δ=736 | ImproveTotal=370
[IMPROVE] Iter=8096 | T=68619.1 | NewBest=247539 | Δ=125 | ImproveTotal=371
[IMPROVE] Iter=8101 | T=68550.5 | NewBest=247532 | Δ=14 | ImproveTotal=372
[IMPROVE] Iter=8105 | T=68550.5 | NewBest=246890 | Δ=880 | ImproveTotal=373
[IMPROVE] Iter=8112 | T=68482 | NewBest=246713 | Δ=186 | ImproveTotal=374
[IMPROVE] Iter=8115 | T=68482 | NewBest=246568 | Δ=145 | ImproveTotal=375
[IMPROVE] Iter=8124 | T=68413.5 | NewBest=246478 | Δ=172 | ImproveTotal=376
[IMPROVE] Iter=8142 | T=68276.7 | NewBest=246281 | Δ=691 | ImproveTotal=377
[IMPROVE] Iter=8148 | T=68276.7 | NewBest=246011 | Δ=278 | ImproveTotal=378
[IMPROVE] Iter=8149 | T=68276.7 | NewBest=245750 | Δ=261 | ImproveTotal=379
[IMPROVE] Iter=8234 | T=67664.7 | NewBest=245196 | Δ=636 | ImproveTotal=380
[IMPROVE] Iter=8236 | T=67664.7 | NewBest=245119 | Δ=77 | ImproveTotal=381
[IMPROVE] Iter=8271 | T=67394.4 | NewBest=245072 | Δ=280 | ImproveTotal=382
[IMPROVE] Iter=8272 | T=67394.4 | NewBest=244884 | Δ=188 | ImproveTotal=383
[IMPROVE] Iter=8300 | T=67259.7 | NewBest=244835 | Δ=45091 | ImproveTotal=384
[IMPROVE] Iter=8314 | T=67125.3 | NewBest=244793 | Δ=202 | ImproveTotal=385
[IMPROVE] Iter=8317 | T=67125.3 | NewBest=244731 | Δ=62 | ImproveTotal=386
[IMPROVE] Iter=8321 | T=67058.1 | NewBest=244667 | Δ=69 | ImproveTotal=387
[IMPROVE] Iter=8343 | T=66924.1 | NewBest=244555 | Δ=346 | ImproveTotal=388
[IMPROVE] Iter=8431 | T=66324.2 | NewBest=244387 | Δ=372 | ImproveTotal=389
[IMPROVE] Iter=8433 | T=66324.2 | NewBest=244242 | Δ=145 | ImproveTotal=390
[IMPROVE] Iter=8481 | T=65993.2 | NewBest=243554 | Δ=42222 | ImproveTotal=391
[IMPROVE] Iter=9394 | T=60250.2 | NewBest=242718 | Δ=1622 | ImproveTotal=392
[IMPROVE] Iter=13018 | T=41943.6 | NewBest=242685 | Δ=71 | ImproveTotal=393
[IMPROVE] Iter=13019 | T=41943.6 | NewBest=242597 | Δ=88 | ImproveTotal=394
[IMPROVE] Iter=13023 | T=41901.6 | NewBest=242485 | Δ=112 | ImproveTotal=395
[IMPROVE] Iter=15890 | T=31474.6 | NewBest=242402 | Δ=174 | ImproveTotal=396
[IMPROVE] Iter=15892 | T=31443.2 | NewBest=242328 | Δ=74 | ImproveTotal=397
[IMPROVE] Iter=15899 | T=31443.2 | NewBest=242238 | Δ=90 | ImproveTotal=398
[IMPROVE] Iter=15900 | T=31443.2 | NewBest=242189 | Δ=49 | ImproveTotal=399
[IMPROVE] Iter=15902 | T=31411.7 | NewBest=242171 | Δ=18 | ImproveTotal=400
[IMPROVE] Iter=15906 | T=31411.7 | NewBest=242133 | Δ=38 | ImproveTotal=401
[IMPROVE] Iter=15915 | T=31380.3 | NewBest=242014 | Δ=150 | ImproveTotal=402
[IMPROVE] Iter=15923 | T=31348.9 | NewBest=241976 | Δ=44 | ImproveTotal=403
[IMPROVE] Iter=15924 | T=31348.9 | NewBest=241837 | Δ=139 | ImproveTotal=404
[IMPROVE] Iter=15941 | T=31286.3 | NewBest=241835 | Δ=2 | ImproveTotal=405
[IMPROVE] Iter=15946 | T=31286.3 | NewBest=241818 | Δ=55 | ImproveTotal=406
[IMPROVE] Iter=15947 | T=31286.3 | NewBest=241776 | Δ=42 | ImproveTotal=407
[IMPROVE] Iter=17375 | T=27115.5 | NewBest=240964 | Δ=6038 | ImproveTotal=408
[IMPROVE] Iter=17413 | T=27007.2 | NewBest=240952 | Δ=282 | ImproveTotal=409
[IMPROVE] Iter=17445 | T=26926.3 | NewBest=240951 | Δ=241 | ImproveTotal=410
[IMPROVE] Iter=17446 | T=26926.3 | NewBest=240436 | Δ=515 | ImproveTotal=411
[IMPROVE] Iter=17497 | T=26791.9 | NewBest=240421 | Δ=904 | ImproveTotal=412
[IMPROVE] Iter=17500 | T=26791.9 | NewBest=240357 | Δ=64 | ImproveTotal=413
[IMPROVE] Iter=17501 | T=26765.2 | NewBest=240345 | Δ=12 | ImproveTotal=414
[IMPROVE] Iter=17532 | T=26684.9 | NewBest=239943 | Δ=635 | ImproveTotal=415
[IMPROVE] Iter=17535 | T=26684.9 | NewBest=239856 | Δ=182 | ImproveTotal=416
[IMPROVE] Iter=17553 | T=26631.6 | NewBest=239807 | Δ=50 | ImproveTotal=417
[IMPROVE] Iter=17557 | T=26631.6 | NewBest=239575 | Δ=232 | ImproveTotal=418
[IMPROVE] Iter=17558 | T=26631.6 | NewBest=239522 | Δ=53 | ImproveTotal=419
[IMPROVE] Iter=17563 | T=26605 | NewBest=239520 | Δ=2 | ImproveTotal=420
[IMPROVE] Iter=17564 | T=26605 | NewBest=239338 | Δ=182 | ImproveTotal=421
[IMPROVE] Iter=19402 | T=22131.6 | NewBest=239277 | Δ=333 | ImproveTotal=422
[IMPROVE] Iter=19409 | T=22131.6 | NewBest=239145 | Δ=132 | ImproveTotal=423
[IMPROVE] Iter=19413 | T=22109.5 | NewBest=239117 | Δ=164 | ImproveTotal=424
[IMPROVE] Iter=19436 | T=22065.3 | NewBest=239067 | Δ=81 | ImproveTotal=425
[IMPROVE] Iter=19439 | T=22065.3 | NewBest=239025 | Δ=243 | ImproveTotal=426
[IMPROVE] Iter=19446 | T=22043.2 | NewBest=238609 | Δ=451 | ImproveTotal=427
[IMPROVE] Iter=19451 | T=22021.1 | NewBest=238447 | Δ=162 | ImproveTotal=428
[IMPROVE] Iter=19453 | T=22021.1 | NewBest=238381 | Δ=92 | ImproveTotal=429
[IMPROVE] Iter=19457 | T=22021.1 | NewBest=238341 | Δ=40 | ImproveTotal=430
[IMPROVE] Iter=23427 | T=14802.6 | NewBest=237970 | Δ=465 | ImproveTotal=431
[IMPROVE] Iter=23565 | T=14596.7 | NewBest=237717 | Δ=673 | ImproveTotal=432
[IMPROVE] Iter=23567 | T=14596.7 | NewBest=237698 | Δ=19 | ImproveTotal=433
[IMPROVE] Iter=23571 | T=14582.1 | NewBest=237679 | Δ=19 | ImproveTotal=434
[IMPROVE] Iter=23573 | T=14582.1 | NewBest=237647 | Δ=32 | ImproveTotal=435
[IMPROVE] Iter=23578 | T=14582.1 | NewBest=237442 | Δ=237 | ImproveTotal=436
[IMPROVE] Iter=23591 | T=14553 | NewBest=237414 | Δ=79 | ImproveTotal=437
[IMPROVE] Iter=23594 | T=14553 | NewBest=237399 | Δ=15 | ImproveTotal=438
[IMPROVE] Iter=23596 | T=14553 | NewBest=237320 | Δ=79 | ImproveTotal=439
[IMPROVE] Iter=23598 | T=14553 | NewBest=237272 | Δ=48 | ImproveTotal=440
[IMPROVE] Iter=23600 | T=14553 | NewBest=237264 | Δ=8 | ImproveTotal=441
[IMPROVE] Iter=23605 | T=14538.4 | NewBest=237240 | Δ=24 | ImproveTotal=442
[IMPROVE] Iter=23606 | T=14538.4 | NewBest=237188 | Δ=52 | ImproveTotal=443
[IMPROVE] Iter=23684 | T=14422.5 | NewBest=237114 | Δ=129 | ImproveTotal=444
[IMPROVE] Iter=23940 | T=14066.3 | NewBest=237089 | Δ=298 | ImproveTotal=445
[IMPROVE] Iter=23942 | T=14052.2 | NewBest=237018 | Δ=71 | ImproveTotal=446
[IMPROVE] Iter=23945 | T=14052.2 | NewBest=236881 | Δ=137 | ImproveTotal=447
[IMPROVE] Iter=23956 | T=14038.1 | NewBest=236851 | Δ=221 | ImproveTotal=448
[IMPROVE] Iter=23958 | T=14038.1 | NewBest=236844 | Δ=7 | ImproveTotal=449
[IMPROVE] Iter=23964 | T=14024.1 | NewBest=236718 | Δ=128 | ImproveTotal=450
[IMPROVE] Iter=23966 | T=14024.1 | NewBest=236379 | Δ=339 | ImproveTotal=451
[IMPROVE] Iter=24134 | T=13787.6 | NewBest=236361 | Δ=353 | ImproveTotal=452
[IMPROVE] Iter=25163 | T=12437.5 | NewBest=236120 | Δ=451 | ImproveTotal=453
[IMPROVE] Iter=25166 | T=12437.5 | NewBest=236009 | Δ=111 | ImproveTotal=454
[IMPROVE] Iter=25171 | T=12425.1 | NewBest=235985 | Δ=24 | ImproveTotal=455
[IMPROVE] Iter=25174 | T=12425.1 | NewBest=235927 | Δ=58 | ImproveTotal=456
[IMPROVE] Iter=25181 | T=12412.7 | NewBest=235909 | Δ=340 | ImproveTotal=457
[IMPROVE] Iter=25182 | T=12412.7 | NewBest=235877 | Δ=32 | ImproveTotal=458
[IMPROVE] Iter=25184 | T=12412.7 | NewBest=235695 | Δ=182 | ImproveTotal=459
[IMPROVE] Iter=25195 | T=12400.2 | NewBest=235164 | Δ=662 | ImproveTotal=460
[IMPROVE] Iter=26315 | T=11085.7 | NewBest=235152 | Δ=24179 | ImproveTotal=461
[IMPROVE] Iter=26350 | T=11052.5 | NewBest=234848 | Δ=548 | ImproveTotal=462
[IMPROVE] Iter=26353 | T=11041.5 | NewBest=234466 | Δ=382 | ImproveTotal=463
[IMPROVE] Iter=26366 | T=11030.4 | NewBest=234464 | Δ=134 | ImproveTotal=464
[IMPROVE] Iter=26377 | T=11019.4 | NewBest=234396 | Δ=68 | ImproveTotal=465
[IMPROVE] Iter=56437 | T=544.522 | NewBest=234355 | Δ=636 | ImproveTotal=466
[IMPROVE] Iter=56438 | T=544.522 | NewBest=234337 | Δ=18 | ImproveTotal=467
[IMPROVE] Iter=56439 | T=544.522 | NewBest=233920 | Δ=417 | ImproveTotal=468
[IMPROVE] Iter=56440 | T=544.522 | NewBest=233768 | Δ=152 | ImproveTotal=469
[IMPROVE] Iter=56514 | T=540.181 | NewBest=233755 | Δ=112 | ImproveTotal=470
[IMPROVE] Iter=56515 | T=540.181 | NewBest=233707 | Δ=48 | ImproveTotal=471
[IMPROVE] Iter=56522 | T=539.641 | NewBest=233675 | Δ=202 | ImproveTotal=472
[IMPROVE] Iter=56526 | T=539.641 | NewBest=233660 | Δ=254 | ImproveTotal=473
[IMPROVE] Iter=56527 | T=539.641 | NewBest=233471 | Δ=189 | ImproveTotal=474
[IMPROVE] Iter=56531 | T=539.101 | NewBest=233426 | Δ=66 | ImproveTotal=475
[IMPROVE] Iter=56532 | T=539.101 | NewBest=233334 | Δ=92 | ImproveTotal=476
[IMPROVE] Iter=56552 | T=538.023 | NewBest=233225 | Δ=229 | ImproveTotal=477
[IMPROVE] Iter=56553 | T=538.023 | NewBest=233128 | Δ=97 | ImproveTotal=478
[IMPROVE] Iter=56590 | T=536.411 | NewBest=233048 | Δ=481 | ImproveTotal=479
[IMPROVE] Iter=56593 | T=535.875 | NewBest=232979 | Δ=69 | ImproveTotal=480
[IMPROVE] Iter=56600 | T=535.875 | NewBest=232890 | Δ=89 | ImproveTotal=481
[IMPROVE] Iter=56601 | T=535.339 | NewBest=232822 | Δ=68 | ImproveTotal=482
[IMPROVE] Iter=56605 | T=535.339 | NewBest=232713 | Δ=117 | ImproveTotal=483
[IMPROVE] Iter=56606 | T=535.339 | NewBest=232689 | Δ=24 | ImproveTotal=484
[IMPROVE] Iter=56608 | T=535.339 | NewBest=232556 | Δ=138 | ImproveTotal=485
[IMPROVE] Iter=56626 | T=534.269 | NewBest=232510 | Δ=238 | ImproveTotal=486
[IMPROVE] Iter=56839 | T=523.16 | NewBest=232415 | Δ=155 | ImproveTotal=487
[IMPROVE] Iter=56841 | T=522.637 | NewBest=232275 | Δ=151 | ImproveTotal=488
[IMPROVE] Iter=56844 | T=522.637 | NewBest=232171 | Δ=122 | ImproveTotal=489
[IMPROVE] Iter=56845 | T=522.637 | NewBest=232151 | Δ=20 | ImproveTotal=490
[IMPROVE] Iter=56850 | T=522.637 | NewBest=232136 | Δ=61 | ImproveTotal=491
[IMPROVE] Iter=56899 | T=520.029 | NewBest=232041 | Δ=199 | ImproveTotal=492
[IMPROVE] Iter=56900 | T=520.029 | NewBest=231784 | Δ=257 | ImproveTotal=493
[IMPROVE] Iter=56901 | T=519.509 | NewBest=231758 | Δ=26 | ImproveTotal=494
[IMPROVE] Iter=56911 | T=518.99 | NewBest=231629 | Δ=204 | ImproveTotal=495
[IMPROVE] Iter=56915 | T=518.99 | NewBest=231625 | Δ=21 | ImproveTotal=496
[IMPROVE] Iter=58077 | T=462.121 | NewBest=231548 | Δ=182 | ImproveTotal=497
[IMPROVE] Iter=58079 | T=462.121 | NewBest=231427 | Δ=171 | ImproveTotal=498
[IMPROVE] Iter=58080 | T=462.121 | NewBest=231393 | Δ=34 | ImproveTotal=499
[IMPROVE] Iter=58084 | T=461.659 | NewBest=231098 | Δ=401 | ImproveTotal=500
[IMPROVE] Iter=58129 | T=459.815 | NewBest=231066 | Δ=422 | ImproveTotal=501
[IMPROVE] Iter=58137 | T=459.355 | NewBest=231010 | Δ=77 | ImproveTotal=502
[IMPROVE] Iter=58140 | T=459.355 | NewBest=230762 | Δ=359 | ImproveTotal=503
[IMPROVE] Iter=58142 | T=458.896 | NewBest=230704 | Δ=58 | ImproveTotal=504
[IMPROVE] Iter=58154 | T=458.437 | NewBest=230670 | Δ=336 | ImproveTotal=505
[IMPROVE] Iter=58155 | T=458.437 | NewBest=230618 | Δ=52 | ImproveTotal=506
[IMPROVE] Iter=58156 | T=458.437 | NewBest=230580 | Δ=38 | ImproveTotal=507
[IMPROVE] Iter=58158 | T=458.437 | NewBest=230548 | Δ=32 | ImproveTotal=508
[IMPROVE] Iter=58160 | T=458.437 | NewBest=230483 | Δ=65 | ImproveTotal=509
[IMPROVE] Iter=58161 | T=457.978 | NewBest=230459 | Δ=24 | ImproveTotal=510
[IMPROVE] Iter=58164 | T=457.978 | NewBest=230291 | Δ=197 | ImproveTotal=511
[IMPROVE] Iter=58165 | T=457.978 | NewBest=230282 | Δ=9 | ImproveTotal=512
[IMPROVE] Iter=58167 | T=457.978 | NewBest=230088 | Δ=194 | ImproveTotal=513
[IMPROVE] Iter=58168 | T=457.978 | NewBest=230051 | Δ=37 | ImproveTotal=514
[IMPROVE] Iter=58172 | T=457.52 | NewBest=230047 | Δ=42 | ImproveTotal=515
[IMPROVE] Iter=58179 | T=457.52 | NewBest=230035 | Δ=58 | ImproveTotal=516
[IMPROVE] Iter=58203 | T=456.149 | NewBest=230011 | Δ=269 | ImproveTotal=517
[IMPROVE] Iter=58204 | T=456.149 | NewBest=229993 | Δ=18 | ImproveTotal=518
[IMPROVE] Iter=58206 | T=456.149 | NewBest=229913 | Δ=94 | ImproveTotal=519
[IMPROVE] Iter=58209 | T=456.149 | NewBest=229654 | Δ=334 | ImproveTotal=520
[IMPROVE] Iter=58210 | T=456.149 | NewBest=229648 | Δ=6 | ImproveTotal=521
[IMPROVE] Iter=58220 | T=455.693 | NewBest=229618 | Δ=64 | ImproveTotal=522
[IMPROVE] Iter=58236 | T=454.782 | NewBest=229553 | Δ=177 | ImproveTotal=523
[IMPROVE] Iter=58242 | T=454.327 | NewBest=229448 | Δ=180 | ImproveTotal=524
[IMPROVE] Iter=58249 | T=454.327 | NewBest=229394 | Δ=254 | ImproveTotal=525
[IMPROVE] Iter=58251 | T=453.873 | NewBest=229387 | Δ=7 | ImproveTotal=526
[IMPROVE] Iter=58259 | T=453.873 | NewBest=229382 | Δ=6 | ImproveTotal=527
[IMPROVE] Iter=58260 | T=453.873 | NewBest=229373 | Δ=9 | ImproveTotal=528
[IMPROVE] Iter=58261 | T=453.419 | NewBest=229256 | Δ=117 | ImproveTotal=529
[IMPROVE] Iter=58262 | T=453.419 | NewBest=229194 | Δ=62 | ImproveTotal=530
[IMPROVE] Iter=58263 | T=453.419 | NewBest=228957 | Δ=237 | ImproveTotal=531
[IMPROVE] Iter=58275 | T=452.966 | NewBest=228947 | Δ=371 | ImproveTotal=532
[IMPROVE] Iter=58277 | T=452.966 | NewBest=228904 | Δ=43 | ImproveTotal=533
[IMPROVE] Iter=58280 | T=452.966 | NewBest=228815 | Δ=89 | ImproveTotal=534
[IMPROVE] Iter=58592 | T=438.693 | NewBest=228796 | Δ=323 | ImproveTotal=535
[IMPROVE] Iter=59294 | T=409.02 | NewBest=228787 | Δ=95 | ImproveTotal=536
[IMPROVE] Iter=59296 | T=409.02 | NewBest=228702 | Δ=93 | ImproveTotal=537
[IMPROVE] Iter=59297 | T=409.02 | NewBest=228242 | Δ=460 | ImproveTotal=538
[IMPROVE] Iter=59309 | T=408.611 | NewBest=228171 | Δ=72 | ImproveTotal=539
[IMPROVE] Iter=59318 | T=408.203 | NewBest=228093 | Δ=149 | ImproveTotal=540
[IMPROVE] Iter=59319 | T=408.203 | NewBest=228042 | Δ=51 | ImproveTotal=541
[IMPROVE] Iter=59323 | T=407.795 | NewBest=228005 | Δ=53 | ImproveTotal=542
[IMPROVE] Iter=59325 | T=407.795 | NewBest=227789 | Δ=216 | ImproveTotal=543
[IMPROVE] Iter=60953 | T=346.43 | NewBest=227659 | Δ=340 | ImproveTotal=544
[IMPROVE] Iter=60954 | T=346.43 | NewBest=227572 | Δ=87 | ImproveTotal=545
[IMPROVE] Iter=60955 | T=346.43 | NewBest=227570 | Δ=2 | ImproveTotal=546
[IMPROVE] Iter=60970 | T=346.084 | NewBest=227478 | Δ=448 | ImproveTotal=547
[IMPROVE] Iter=60974 | T=345.738 | NewBest=227395 | Δ=83 | ImproveTotal=548
[IMPROVE] Iter=60980 | T=345.738 | NewBest=227377 | Δ=24 | ImproveTotal=549
[IMPROVE] Iter=60981 | T=345.392 | NewBest=227116 | Δ=261 | ImproveTotal=550
[IMPROVE] Iter=60982 | T=345.392 | NewBest=227095 | Δ=21 | ImproveTotal=551
[IMPROVE] Iter=61093 | T=341.612 | NewBest=227064 | Δ=219 | ImproveTotal=552
[IMPROVE] Iter=61096 | T=341.612 | NewBest=227044 | Δ=20 | ImproveTotal=553
[IMPROVE] Iter=61097 | T=341.612 | NewBest=226968 | Δ=76 | ImproveTotal=554
[IMPROVE] Iter=61152 | T=339.567 | NewBest=226931 | Δ=315 | ImproveTotal=555
[IMPROVE] Iter=61153 | T=339.567 | NewBest=226729 | Δ=202 | ImproveTotal=556
[IMPROVE] Iter=61157 | T=339.567 | NewBest=226627 | Δ=115 | ImproveTotal=557
[IMPROVE] Iter=61183 | T=338.55 | NewBest=226275 | Δ=593 | ImproveTotal=558
[IMPROVE] Iter=61192 | T=338.211 | NewBest=226234 | Δ=65 | ImproveTotal=559
[IMPROVE] Iter=61193 | T=338.211 | NewBest=226109 | Δ=125 | ImproveTotal=560
[IMPROVE] Iter=61198 | T=338.211 | NewBest=225945 | Δ=257 | ImproveTotal=561
[IMPROVE] Iter=61203 | T=337.873 | NewBest=225796 | Δ=188 | ImproveTotal=562
[IMPROVE] Iter=61204 | T=337.873 | NewBest=225789 | Δ=7 | ImproveTotal=563
[IMPROVE] Iter=65125 | T=228.257 | NewBest=225767 | Δ=182 | ImproveTotal=564
[IMPROVE] Iter=65150 | T=227.801 | NewBest=225746 | Δ=75 | ImproveTotal=565
[IMPROVE] Iter=65156 | T=227.573 | NewBest=225732 | Δ=75 | ImproveTotal=566
[IMPROVE] Iter=65158 | T=227.573 | NewBest=225718 | Δ=49 | ImproveTotal=567
[IMPROVE] Iter=65414 | T=221.73 | NewBest=225676 | Δ=282 | ImproveTotal=568
[IMPROVE] Iter=65415 | T=221.73 | NewBest=225631 | Δ=45 | ImproveTotal=569
[IMPROVE] Iter=65489 | T=220.182 | NewBest=225597 | Δ=186 | ImproveTotal=570
[IMPROVE] Iter=65491 | T=219.962 | NewBest=225563 | Δ=34 | ImproveTotal=571
[IMPROVE] Iter=65502 | T=219.742 | NewBest=225470 | Δ=268 | ImproveTotal=572
[IMPROVE] Iter=65503 | T=219.742 | NewBest=225448 | Δ=22 | ImproveTotal=573
[IMPROVE] Iter=65526 | T=219.303 | NewBest=225438 | Δ=10 | ImproveTotal=574
[IMPROVE] Iter=65527 | T=219.303 | NewBest=225427 | Δ=11 | ImproveTotal=575
[IMPROVE] Iter=65528 | T=219.303 | NewBest=225387 | Δ=40 | ImproveTotal=576
[IMPROVE] Iter=65878 | T=211.756 | NewBest=225382 | Δ=358 | ImproveTotal=577
[IMPROVE] Iter=65886 | T=211.545 | NewBest=225338 | Δ=155 | ImproveTotal=578
[IMPROVE] Iter=66007 | T=209.02 | NewBest=225298 | Δ=74 | ImproveTotal=579
[IMPROVE] Iter=66076 | T=207.561 | NewBest=225240 | Δ=118 | ImproveTotal=580
[IMPROVE] Iter=66082 | T=207.354 | NewBest=225189 | Δ=85 | ImproveTotal=581
[IMPROVE] Iter=66091 | T=207.146 | NewBest=225142 | Δ=207 | ImproveTotal=582
[IMPROVE] Iter=66093 | T=207.146 | NewBest=225140 | Δ=2 | ImproveTotal=583
[IMPROVE] Iter=66102 | T=206.939 | NewBest=225111 | Δ=144 | ImproveTotal=584
[IMPROVE] Iter=66105 | T=206.939 | NewBest=225101 | Δ=33 | ImproveTotal=585
[IMPROVE] Iter=66107 | T=206.939 | NewBest=225087 | Δ=28 | ImproveTotal=586
[IMPROVE] Iter=66109 | T=206.939 | NewBest=225082 | Δ=5 | ImproveTotal=587
[IMPROVE] Iter=66110 | T=206.939 | NewBest=225077 | Δ=5 | ImproveTotal=588
[IMPROVE] Iter=66111 | T=206.732 | NewBest=225042 | Δ=35 | ImproveTotal=589
[IMPROVE] Iter=66114 | T=206.732 | NewBest=225009 | Δ=37 | ImproveTotal=590
[IMPROVE] Iter=66130 | T=206.525 | NewBest=225005 | Δ=79 | ImproveTotal=591
[IMPROVE] Iter=66131 | T=206.319 | NewBest=225003 | Δ=2 | ImproveTotal=592
[IMPROVE] Iter=66172 | T=205.495 | NewBest=224918 | Δ=193 | ImproveTotal=593
[IMPROVE] Iter=66173 | T=205.495 | NewBest=224870 | Δ=48 | ImproveTotal=594
[IMPROVE] Iter=66175 | T=205.495 | NewBest=224797 | Δ=165 | ImproveTotal=595
[IMPROVE] Iter=66179 | T=205.495 | NewBest=224735 | Δ=92 | ImproveTotal=596
[IMPROVE] Iter=66196 | T=205.084 | NewBest=224546 | Δ=365 | ImproveTotal=597
[IMPROVE] Iter=66201 | T=204.879 | NewBest=224463 | Δ=87 | ImproveTotal=598
[IMPROVE] Iter=66202 | T=204.879 | NewBest=224399 | Δ=64 | ImproveTotal=599
[IMPROVE] Iter=66204 | T=204.879 | NewBest=224366 | Δ=48 | ImproveTotal=600
[IMPROVE] Iter=66322 | T=202.434 | NewBest=224336 | Δ=55 | ImproveTotal=601
[IMPROVE] Iter=66323 | T=202.434 | NewBest=224320 | Δ=16 | ImproveTotal=602
[IMPROVE] Iter=66388 | T=201.222 | NewBest=224290 | Δ=47 | ImproveTotal=603
[IMPROVE] Iter=66392 | T=201.021 | NewBest=224236 | Δ=54 | ImproveTotal=604
[IMPROVE] Iter=66470 | T=199.618 | NewBest=224178 | Δ=181 | ImproveTotal=605
[IMPROVE] Iter=66471 | T=199.419 | NewBest=224168 | Δ=10 | ImproveTotal=606
[IMPROVE] Iter=66472 | T=199.419 | NewBest=224086 | Δ=82 | ImproveTotal=607
[IMPROVE] Iter=66475 | T=199.419 | NewBest=224085 | Δ=19 | ImproveTotal=608
[IMPROVE] Iter=66617 | T=196.645 | NewBest=224071 | Δ=303 | ImproveTotal=609
[IMPROVE] Iter=66677 | T=195.468 | NewBest=223976 | Δ=101 | ImproveTotal=610
[IMPROVE] Iter=66679 | T=195.468 | NewBest=223965 | Δ=18 | ImproveTotal=611
[IMPROVE] Iter=66681 | T=195.272 | NewBest=223943 | Δ=97 | ImproveTotal=612
[IMPROVE] Iter=66682 | T=195.272 | NewBest=223938 | Δ=5 | ImproveTotal=613
[IMPROVE] Iter=66684 | T=195.272 | NewBest=223784 | Δ=154 | ImproveTotal=614
[IMPROVE] Iter=66685 | T=195.272 | NewBest=223775 | Δ=9 | ImproveTotal=615
[IMPROVE] Iter=66686 | T=195.272 | NewBest=223767 | Δ=8 | ImproveTotal=616
[IMPROVE] Iter=66687 | T=195.272 | NewBest=223719 | Δ=48 | ImproveTotal=617
[IMPROVE] Iter=67385 | T=182.064 | NewBest=223706 | Δ=200 | ImproveTotal=618
[IMPROVE] Iter=67387 | T=182.064 | NewBest=223665 | Δ=41 | ImproveTotal=619
[IMPROVE] Iter=67399 | T=181.882 | NewBest=223617 | Δ=96 | ImproveTotal=620
[IMPROVE] Iter=67426 | T=181.337 | NewBest=223534 | Δ=227 | ImproveTotal=621
[IMPROVE] Iter=67431 | T=181.156 | NewBest=223522 | Δ=65 | ImproveTotal=622
[IMPROVE] Iter=67445 | T=180.975 | NewBest=223420 | Δ=373 | ImproveTotal=623
[IMPROVE] Iter=67447 | T=180.975 | NewBest=223237 | Δ=184 | ImproveTotal=624
[IMPROVE] Iter=67448 | T=180.975 | NewBest=223227 | Δ=10 | ImproveTotal=625
[IMPROVE] Iter=67460 | T=180.794 | NewBest=223039 | Δ=240 | ImproveTotal=626
[IMPROVE] Iter=67487 | T=180.252 | NewBest=222965 | Δ=186 | ImproveTotal=627
[IMPROVE] Iter=67728 | T=175.975 | NewBest=222928 | Δ=94 | ImproveTotal=628
[IMPROVE] Iter=67730 | T=175.975 | NewBest=222924 | Δ=4 | ImproveTotal=629
[IMPROVE] Iter=67731 | T=175.799 | NewBest=222904 | Δ=20 | ImproveTotal=630
[IMPROVE] Iter=67738 | T=175.799 | NewBest=222838 | Δ=102 | ImproveTotal=631
[IMPROVE] Iter=67744 | T=175.623 | NewBest=222833 | Δ=31 | ImproveTotal=632
[IMPROVE] Iter=67752 | T=175.448 | NewBest=222750 | Δ=85 | ImproveTotal=633
[IMPROVE] Iter=67757 | T=175.448 | NewBest=222734 | Δ=16 | ImproveTotal=634
[IMPROVE] Iter=67760 | T=175.448 | NewBest=222722 | Δ=12 | ImproveTotal=635
[IMPROVE] Iter=67769 | T=175.272 | NewBest=222694 | Δ=187 | ImproveTotal=636
[IMPROVE] Iter=67770 | T=175.272 | NewBest=222691 | Δ=3 | ImproveTotal=637
[IMPROVE] Iter=67774 | T=175.097 | NewBest=222649 | Δ=42 | ImproveTotal=638
[IMPROVE] Iter=67779 | T=175.097 | NewBest=222644 | Δ=5 | ImproveTotal=639
[IMPROVE] Iter=67789 | T=174.922 | NewBest=222621 | Δ=23 | ImproveTotal=640
[IMPROVE] Iter=67795 | T=174.747 | NewBest=222613 | Δ=8 | ImproveTotal=641
[IMPROVE] Iter=67797 | T=174.747 | NewBest=222592 | Δ=21 | ImproveTotal=642
[IMPROVE] Iter=70113 | T=138.549 | NewBest=222531 | Δ=181 | ImproveTotal=643
[IMPROVE] Iter=70115 | T=138.549 | NewBest=222421 | Δ=110 | ImproveTotal=644
[IMPROVE] Iter=70120 | T=138.549 | NewBest=222413 | Δ=61 | ImproveTotal=645
[IMPROVE] Iter=70121 | T=138.41 | NewBest=222402 | Δ=11 | ImproveTotal=646
[IMPROVE] Iter=70122 | T=138.41 | NewBest=222372 | Δ=30 | ImproveTotal=647
[IMPROVE] Iter=70125 | T=138.41 | NewBest=222361 | Δ=17 | ImproveTotal=648
[IMPROVE] Iter=70126 | T=138.41 | NewBest=222246 | Δ=115 | ImproveTotal=649
[IMPROVE] Iter=70130 | T=138.41 | NewBest=222096 | Δ=163 | ImproveTotal=650
[IMPROVE] Iter=70144 | T=138.134 | NewBest=221940 | Δ=287 | ImproveTotal=651
[IMPROVE] Iter=70151 | T=137.996 | NewBest=221908 | Δ=69 | ImproveTotal=652
[IMPROVE] Iter=70152 | T=137.996 | NewBest=221903 | Δ=5 | ImproveTotal=653
[IMPROVE] Iter=70155 | T=137.996 | NewBest=221866 | Δ=37 | ImproveTotal=654
[IMPROVE] Iter=70157 | T=137.996 | NewBest=221858 | Δ=8 | ImproveTotal=655
[IMPROVE] Iter=70178 | T=137.72 | NewBest=221857 | Δ=120 | ImproveTotal=656
[IMPROVE] Iter=70181 | T=137.582 | NewBest=221845 | Δ=24 | ImproveTotal=657
[IMPROVE] Iter=70183 | T=137.582 | NewBest=221836 | Δ=9 | ImproveTotal=658
[IMPROVE] Iter=70185 | T=137.582 | NewBest=221835 | Δ=1 | ImproveTotal=659
[IMPROVE] Iter=70189 | T=137.582 | NewBest=221796 | Δ=39 | ImproveTotal=660
[IMPROVE] Iter=70210 | T=137.307 | NewBest=221754 | Δ=58 | ImproveTotal=661
[IMPROVE] Iter=70211 | T=137.17 | NewBest=221665 | Δ=89 | ImproveTotal=662
[IMPROVE] Iter=70239 | T=136.895 | NewBest=221631 | Δ=45 | ImproveTotal=663
[IMPROVE] Iter=70270 | T=136.485 | NewBest=221580 | Δ=127 | ImproveTotal=664
[IMPROVE] Iter=70274 | T=136.349 | NewBest=221568 | Δ=16 | ImproveTotal=665
[IMPROVE] Iter=70275 | T=136.349 | NewBest=221519 | Δ=49 | ImproveTotal=666
[IMPROVE] Iter=70280 | T=136.349 | NewBest=221495 | Δ=74 | ImproveTotal=667
[IMPROVE] Iter=70436 | T=134.183 | NewBest=221479 | Δ=66 | ImproveTotal=668
[IMPROVE] Iter=70440 | T=134.183 | NewBest=221255 | Δ=266 | ImproveTotal=669
[IMPROVE] Iter=70446 | T=134.049 | NewBest=221245 | Δ=204 | ImproveTotal=670
[IMPROVE] Iter=70447 | T=134.049 | NewBest=221169 | Δ=76 | ImproveTotal=671
[IMPROVE] Iter=70626 | T=131.657 | NewBest=221153 | Δ=84 | ImproveTotal=672
[IMPROVE] Iter=70627 | T=131.657 | NewBest=221149 | Δ=4 | ImproveTotal=673
[IMPROVE] Iter=70640 | T=131.525 | NewBest=221098 | Δ=118 | ImproveTotal=674
[IMPROVE] Iter=70643 | T=131.394 | NewBest=221065 | Δ=33 | ImproveTotal=675
[IMPROVE] Iter=70645 | T=131.394 | NewBest=221002 | Δ=63 | ImproveTotal=676
[IMPROVE] Iter=70646 | T=131.394 | NewBest=220993 | Δ=9 | ImproveTotal=677
[IMPROVE] Iter=70648 | T=131.394 | NewBest=220948 | Δ=45 | ImproveTotal=678
[IMPROVE] Iter=70649 | T=131.394 | NewBest=220875 | Δ=73 | ImproveTotal=679
[IMPROVE] Iter=70653 | T=131.262 | NewBest=220867 | Δ=34 | ImproveTotal=680
[IMPROVE] Iter=70688 | T=130.869 | NewBest=220832 | Δ=89 | ImproveTotal=681
[IMPROVE] Iter=70689 | T=130.869 | NewBest=220785 | Δ=47 | ImproveTotal=682
[IMPROVE] Iter=70690 | T=130.869 | NewBest=220764 | Δ=21 | ImproveTotal=683
[IMPROVE] Iter=70691 | T=130.738 | NewBest=220662 | Δ=102 | ImproveTotal=684
[IMPROVE] Iter=70692 | T=130.738 | NewBest=220619 | Δ=43 | ImproveTotal=685
[IMPROVE] Iter=70697 | T=130.738 | NewBest=220575 | Δ=86 | ImproveTotal=686
[IMPROVE] Iter=70701 | T=130.607 | NewBest=220523 | Δ=52 | ImproveTotal=687
[IMPROVE] Iter=70702 | T=130.607 | NewBest=220379 | Δ=144 | ImproveTotal=688
[IMPROVE] Iter=74723 | T=87.3561 | NewBest=220360 | Δ=19 | ImproveTotal=689
[IMPROVE] Iter=74724 | T=87.3561 | NewBest=220196 | Δ=164 | ImproveTotal=690
[IMPROVE] Iter=74728 | T=87.3561 | NewBest=220177 | Δ=20 | ImproveTotal=691
[IMPROVE] Iter=74733 | T=87.2688 | NewBest=220170 | Δ=85 | ImproveTotal=692
[IMPROVE] Iter=74738 | T=87.2688 | NewBest=220165 | Δ=5 | ImproveTotal=693
[IMPROVE] Iter=74742 | T=87.1815 | NewBest=220090 | Δ=92 | ImproveTotal=694
[IMPROVE] Iter=74847 | T=86.3136 | NewBest=219956 | Δ=234 | ImproveTotal=695
[IMPROVE] Iter=74851 | T=86.2273 | NewBest=219887 | Δ=81 | ImproveTotal=696
[IMPROVE] Iter=74858 | T=86.2273 | NewBest=219871 | Δ=19 | ImproveTotal=697
[IMPROVE] Iter=74867 | T=86.1411 | NewBest=219786 | Δ=95 | ImproveTotal=698
[IMPROVE] Iter=74911 | T=85.7112 | NewBest=219784 | Δ=63 | ImproveTotal=699
[IMPROVE] Iter=74912 | T=85.7112 | NewBest=219776 | Δ=8 | ImproveTotal=700
[IMPROVE] Iter=74913 | T=85.7112 | NewBest=219716 | Δ=60 | ImproveTotal=701
[IMPROVE] Iter=77799 | T=64.2537 | NewBest=219613 | Δ=167 | ImproveTotal=702
[IMPROVE] Iter=77805 | T=64.1895 | NewBest=219608 | Δ=7 | ImproveTotal=703
[IMPROVE] Iter=77806 | T=64.1895 | NewBest=219586 | Δ=22 | ImproveTotal=704
[IMPROVE] Iter=77808 | T=64.1895 | NewBest=219578 | Δ=8 | ImproveTotal=705
[IMPROVE] Iter=77811 | T=64.1253 | NewBest=219575 | Δ=3 | ImproveTotal=706
[IMPROVE] Iter=77833 | T=63.9971 | NewBest=219568 | Δ=96 | ImproveTotal=707
[IMPROVE] Iter=77837 | T=63.9971 | NewBest=219565 | Δ=16 | ImproveTotal=708
[IMPROVE] Iter=77840 | T=63.9971 | NewBest=219524 | Δ=41 | ImproveTotal=709
[IMPROVE] Iter=77842 | T=63.9331 | NewBest=219514 | Δ=10 | ImproveTotal=710
[IMPROVE] Iter=77853 | T=63.8692 | NewBest=219512 | Δ=14 | ImproveTotal=711
[IMPROVE] Iter=77854 | T=63.8692 | NewBest=219452 | Δ=60 | ImproveTotal=712
[IMPROVE] Iter=77856 | T=63.8692 | NewBest=219423 | Δ=66 | ImproveTotal=713
[IMPROVE] Iter=77864 | T=63.8053 | NewBest=219380 | Δ=113 | ImproveTotal=714
[IMPROVE] Iter=77865 | T=63.8053 | NewBest=219365 | Δ=15 | ImproveTotal=715
[IMPROVE] Iter=77885 | T=63.6777 | NewBest=219310 | Δ=67 | ImproveTotal=716
[IMPROVE] Iter=77893 | T=63.6141 | NewBest=219276 | Δ=34 | ImproveTotal=717
[IMPROVE] Iter=77894 | T=63.6141 | NewBest=219249 | Δ=27 | ImproveTotal=718
[IMPROVE] Iter=77901 | T=63.5504 | NewBest=219241 | Δ=8 | ImproveTotal=719
[IMPROVE] Iter=77904 | T=63.5504 | NewBest=219237 | Δ=4 | ImproveTotal=720
[IMPROVE] Iter=77970 | T=63.1701 | NewBest=219181 | Δ=104 | ImproveTotal=721
[IMPROVE] Iter=77971 | T=63.1069 | NewBest=219177 | Δ=4 | ImproveTotal=722
[IMPROVE] Iter=78003 | T=62.9178 | NewBest=219154 | Δ=33 | ImproveTotal=723
[IMPROVE] Iter=78008 | T=62.9178 | NewBest=219152 | Δ=4 | ImproveTotal=724
[IMPROVE] Iter=78010 | T=62.9178 | NewBest=219069 | Δ=83 | ImproveTotal=725
[IMPROVE] Iter=78029 | T=62.792 | NewBest=219067 | Δ=5 | ImproveTotal=726
[IMPROVE] Iter=78030 | T=62.792 | NewBest=219043 | Δ=24 | ImproveTotal=727
[IMPROVE] Iter=78037 | T=62.7292 | NewBest=219036 | Δ=21 | ImproveTotal=728
[IMPROVE] Iter=78038 | T=62.7292 | NewBest=219009 | Δ=27 | ImproveTotal=729
[IMPROVE] Iter=81469 | T=44.5074 | NewBest=218985 | Δ=74 | ImproveTotal=730
[IMPROVE] Iter=81471 | T=44.4629 | NewBest=218972 | Δ=13 | ImproveTotal=731
[IMPROVE] Iter=81479 | T=44.4629 | NewBest=218910 | Δ=64 | ImproveTotal=732
[IMPROVE] Iter=81495 | T=44.374 | NewBest=218879 | Δ=76 | ImproveTotal=733
[IMPROVE] Iter=81497 | T=44.374 | NewBest=218824 | Δ=55 | ImproveTotal=734
[IMPROVE] Iter=81500 | T=44.374 | NewBest=218789 | Δ=35 | ImproveTotal=735
[IMPROVE] Iter=81514 | T=44.2853 | NewBest=218777 | Δ=56 | ImproveTotal=736
[IMPROVE] Iter=81515 | T=44.2853 | NewBest=218776 | Δ=1 | ImproveTotal=737
[IMPROVE] Iter=81519 | T=44.2853 | NewBest=218731 | Δ=59 | ImproveTotal=738
[IMPROVE] Iter=82171 | T=41.4555 | NewBest=218704 | Δ=32 | ImproveTotal=739
[IMPROVE] Iter=82182 | T=41.414 | NewBest=218630 | Δ=74 | ImproveTotal=740
[IMPROVE] Iter=82190 | T=41.414 | NewBest=218592 | Δ=38 | ImproveTotal=741
[IMPROVE] Iter=82198 | T=41.3726 | NewBest=218586 | Δ=25 | ImproveTotal=742
[IMPROVE] Iter=82203 | T=41.3313 | NewBest=218581 | Δ=18 | ImproveTotal=743
[IMPROVE] Iter=82206 | T=41.3313 | NewBest=218576 | Δ=5 | ImproveTotal=744
[IMPROVE] Iter=82215 | T=41.2899 | NewBest=218556 | Δ=44 | ImproveTotal=745
[IMPROVE] Iter=82216 | T=41.2899 | NewBest=218553 | Δ=3 | ImproveTotal=746
[IMPROVE] Iter=82303 | T=40.9198 | NewBest=218542 | Δ=39 | ImproveTotal=747
[IMPROVE] Iter=82304 | T=40.9198 | NewBest=218531 | Δ=11 | ImproveTotal=748
[IMPROVE] Iter=82323 | T=40.838 | NewBest=218520 | Δ=11 | ImproveTotal=749
[IMPROVE] Iter=82348 | T=40.7564 | NewBest=218484 | Δ=63 | ImproveTotal=750
[IMPROVE] Iter=82400 | T=40.553 | NewBest=218464 | Δ=113 | ImproveTotal=751
[IMPROVE] Iter=82674 | T=39.4327 | NewBest=218459 | Δ=18 | ImproveTotal=752
[IMPROVE] Iter=82676 | T=39.4327 | NewBest=218448 | Δ=11 | ImproveTotal=753
[IMPROVE] Iter=82680 | T=39.4327 | NewBest=218434 | Δ=14 | ImproveTotal=754
[IMPROVE] Iter=82682 | T=39.3933 | NewBest=218425 | Δ=9 | ImproveTotal=755
[IMPROVE] Iter=82739 | T=39.1967 | NewBest=218424 | Δ=21 | ImproveTotal=756
[IMPROVE] Iter=82740 | T=39.1967 | NewBest=218410 | Δ=14 | ImproveTotal=757
[IMPROVE] Iter=82741 | T=39.1575 | NewBest=218397 | Δ=13 | ImproveTotal=758
[IMPROVE] Iter=82742 | T=39.1575 | NewBest=218393 | Δ=4 | ImproveTotal=759
[IMPROVE] Iter=82743 | T=39.1575 | NewBest=218384 | Δ=9 | ImproveTotal=760
[IMPROVE] Iter=82744 | T=39.1575 | NewBest=218337 | Δ=47 | ImproveTotal=761
[IMPROVE] Iter=82755 | T=39.1183 | NewBest=218239 | Δ=148 | ImproveTotal=762
[IMPROVE] Iter=82756 | T=39.1183 | NewBest=218174 | Δ=65 | ImproveTotal=763
[IMPROVE] Iter=82764 | T=39.0792 | NewBest=218132 | Δ=82 | ImproveTotal=764
[IMPROVE] Iter=82826 | T=38.8453 | NewBest=218097 | Δ=61 | ImproveTotal=765
[IMPROVE] Iter=82827 | T=38.8453 | NewBest=218029 | Δ=68 | ImproveTotal=766
[IMPROVE] Iter=83207 | T=37.3962 | NewBest=218013 | Δ=34 | ImproveTotal=767
[IMPROVE] Iter=83228 | T=37.3214 | NewBest=217988 | Δ=69 | ImproveTotal=768
[IMPROVE] Iter=83729 | T=35.5004 | NewBest=217986 | Δ=27 | ImproveTotal=769
[IMPROVE] Iter=83730 | T=35.5004 | NewBest=217953 | Δ=33 | ImproveTotal=770
[IMPROVE] Iter=83731 | T=35.4649 | NewBest=217948 | Δ=5 | ImproveTotal=771
[IMPROVE] Iter=83735 | T=35.4649 | NewBest=217879 | Δ=69 | ImproveTotal=772
[IMPROVE] Iter=83773 | T=35.3232 | NewBest=217783 | Δ=128 | ImproveTotal=773
[IMPROVE] Iter=83896 | T=34.9017 | NewBest=217748 | Δ=81 | ImproveTotal=774
[IMPROVE] Iter=83898 | T=34.9017 | NewBest=217695 | Δ=53 | ImproveTotal=775
[IMPROVE] Iter=83900 | T=34.9017 | NewBest=217690 | Δ=5 | ImproveTotal=776
[IMPROVE] Iter=83901 | T=34.8668 | NewBest=217668 | Δ=22 | ImproveTotal=777
[IMPROVE] Iter=83913 | T=34.8319 | NewBest=217662 | Δ=51 | ImproveTotal=778
[IMPROVE] Iter=83914 | T=34.8319 | NewBest=217614 | Δ=48 | ImproveTotal=779
[IMPROVE] Iter=84097 | T=34.2102 | NewBest=217562 | Δ=74 | ImproveTotal=780
[IMPROVE] Iter=84339 | T=33.3985 | NewBest=217559 | Δ=18 | ImproveTotal=781
[IMPROVE] Iter=84344 | T=33.3651 | NewBest=217515 | Δ=73 | ImproveTotal=782
[IMPROVE] Iter=84346 | T=33.3651 | NewBest=217510 | Δ=5 | ImproveTotal=783
[IMPROVE] Iter=84399 | T=33.1987 | NewBest=217506 | Δ=48 | ImproveTotal=784
[IMPROVE] Iter=84531 | T=32.7369 | NewBest=217486 | Δ=40 | ImproveTotal=785
[IMPROVE] Iter=84532 | T=32.7369 | NewBest=217472 | Δ=14 | ImproveTotal=786
[IMPROVE] Iter=84551 | T=32.6714 | NewBest=217471 | Δ=1 | ImproveTotal=787
[IMPROVE] Iter=84564 | T=32.6388 | NewBest=217447 | Δ=126 | ImproveTotal=788
[IMPROVE] Iter=84568 | T=32.6388 | NewBest=217424 | Δ=26 | ImproveTotal=789
[IMPROVE] Iter=84626 | T=32.4434 | NewBest=217416 | Δ=21 | ImproveTotal=790
[IMPROVE] Iter=84640 | T=32.411 | NewBest=217415 | Δ=1 | ImproveTotal=791
[IMPROVE] Iter=85529 | T=29.6497 | NewBest=217306 | Δ=136 | ImproveTotal=792
[IMPROVE] Iter=85536 | T=29.6201 | NewBest=217298 | Δ=8 | ImproveTotal=793
[IMPROVE] Iter=85560 | T=29.5609 | NewBest=217277 | Δ=52 | ImproveTotal=794
[IMPROVE] Iter=85562 | T=29.5313 | NewBest=217273 | Δ=4 | ImproveTotal=795
[IMPROVE] Iter=85564 | T=29.5313 | NewBest=217270 | Δ=3 | ImproveTotal=796
[IMPROVE] Iter=85572 | T=29.5018 | NewBest=217259 | Δ=11 | ImproveTotal=797
[IMPROVE] Iter=85578 | T=29.5018 | NewBest=217251 | Δ=8 | ImproveTotal=798
[IMPROVE] Iter=85590 | T=29.4723 | NewBest=217248 | Δ=3 | ImproveTotal=799
[IMPROVE] Iter=85619 | T=29.3839 | NewBest=217212 | Δ=67 | ImproveTotal=800
[IMPROVE] Iter=85624 | T=29.3546 | NewBest=217199 | Δ=13 | ImproveTotal=801
[IMPROVE] Iter=85627 | T=29.3546 | NewBest=217189 | Δ=10 | ImproveTotal=802
[IMPROVE] Iter=85633 | T=29.3252 | NewBest=217154 | Δ=45 | ImproveTotal=803
[IMPROVE] Iter=85635 | T=29.3252 | NewBest=217146 | Δ=8 | ImproveTotal=804
[IMPROVE] Iter=85636 | T=29.3252 | NewBest=217118 | Δ=28 | ImproveTotal=805
[IMPROVE] Iter=85637 | T=29.3252 | NewBest=217038 | Δ=80 | ImproveTotal=806
[IMPROVE] Iter=85671 | T=29.2081 | NewBest=217019 | Δ=59 | ImproveTotal=807
[IMPROVE] Iter=85675 | T=29.2081 | NewBest=217017 | Δ=11 | ImproveTotal=808
[IMPROVE] Iter=85679 | T=29.2081 | NewBest=216992 | Δ=25 | ImproveTotal=809
[IMPROVE] Iter=85683 | T=29.1789 | NewBest=216984 | Δ=8 | ImproveTotal=810
[IMPROVE] Iter=85703 | T=29.1205 | NewBest=216965 | Δ=39 | ImproveTotal=811
[IMPROVE] Iter=85712 | T=29.0914 | NewBest=216963 | Δ=18 | ImproveTotal=812
[IMPROVE] Iter=85716 | T=29.0914 | NewBest=216956 | Δ=40 | ImproveTotal=813
[IMPROVE] Iter=85721 | T=29.0623 | NewBest=216942 | Δ=14 | ImproveTotal=814
[IMPROVE] Iter=85729 | T=29.0623 | NewBest=216930 | Δ=48 | ImproveTotal=815
[IMPROVE] Iter=85848 | T=28.7155 | NewBest=216910 | Δ=38 | ImproveTotal=816
[IMPROVE] Iter=85902 | T=28.5436 | NewBest=216888 | Δ=72 | ImproveTotal=817
[IMPROVE] Iter=85911 | T=28.5151 | NewBest=216880 | Δ=9 | ImproveTotal=818
[IMPROVE] Iter=85913 | T=28.5151 | NewBest=216878 | Δ=2 | ImproveTotal=819
[IMPROVE] Iter=85961 | T=28.3728 | NewBest=216862 | Δ=23 | ImproveTotal=820
[IMPROVE] Iter=85995 | T=28.2878 | NewBest=216855 | Δ=90 | ImproveTotal=821
[IMPROVE] Iter=85998 | T=28.2878 | NewBest=216793 | Δ=62 | ImproveTotal=822
[IMPROVE] Iter=86096 | T=28.0062 | NewBest=216789 | Δ=82 | ImproveTotal=823
[IMPROVE] Iter=86097 | T=28.0062 | NewBest=216780 | Δ=9 | ImproveTotal=824
[IMPROVE] Iter=86104 | T=27.9781 | NewBest=216772 | Δ=8 | ImproveTotal=825
[IMPROVE] Iter=86105 | T=27.9781 | NewBest=216762 | Δ=10 | ImproveTotal=826
[IMPROVE] Iter=86126 | T=27.9222 | NewBest=216751 | Δ=42 | ImproveTotal=827
[IMPROVE] Iter=86132 | T=27.8943 | NewBest=216730 | Δ=27 | ImproveTotal=828
[IMPROVE] Iter=86133 | T=27.8943 | NewBest=216697 | Δ=33 | ImproveTotal=829
[IMPROVE] Iter=86208 | T=27.6996 | NewBest=216685 | Δ=20 | ImproveTotal=830
[IMPROVE] Iter=86212 | T=27.6719 | NewBest=216678 | Δ=7 | ImproveTotal=831
[IMPROVE] Iter=86356 | T=27.287 | NewBest=216649 | Δ=45 | ImproveTotal=832
[IMPROVE] Iter=86436 | T=27.0695 | NewBest=216625 | Δ=46 | ImproveTotal=833
[IMPROVE] Iter=86456 | T=27.0154 | NewBest=216510 | Δ=160 | ImproveTotal=834
[IMPROVE] Iter=86533 | T=26.8 | NewBest=216464 | Δ=72 | ImproveTotal=835
[IMPROVE] Iter=86569 | T=26.7197 | NewBest=216461 | Δ=4 | ImproveTotal=836
[IMPROVE] Iter=86582 | T=26.6663 | NewBest=216454 | Δ=26 | ImproveTotal=837
[IMPROVE] Iter=86621 | T=26.5598 | NewBest=216445 | Δ=12 | ImproveTotal=838
[IMPROVE] Iter=86631 | T=26.5332 | NewBest=216440 | Δ=47 | ImproveTotal=839
[IMPROVE] Iter=86632 | T=26.5332 | NewBest=216432 | Δ=8 | ImproveTotal=840
[IMPROVE] Iter=86645 | T=26.5067 | NewBest=216428 | Δ=20 | ImproveTotal=841
[IMPROVE] Iter=86646 | T=26.5067 | NewBest=216415 | Δ=13 | ImproveTotal=842
[IMPROVE] Iter=86648 | T=26.5067 | NewBest=216412 | Δ=3 | ImproveTotal=843
[IMPROVE] Iter=86649 | T=26.5067 | NewBest=216406 | Δ=6 | ImproveTotal=844
[IMPROVE] Iter=86662 | T=26.4537 | NewBest=216389 | Δ=17 | ImproveTotal=845
[IMPROVE] Iter=86694 | T=26.3744 | NewBest=216387 | Δ=24 | ImproveTotal=846
[IMPROVE] Iter=86698 | T=26.3744 | NewBest=216386 | Δ=1 | ImproveTotal=847
[IMPROVE] Iter=86721 | T=26.2954 | NewBest=216338 | Δ=51 | ImproveTotal=848
[IMPROVE] Iter=86737 | T=26.2691 | NewBest=216332 | Δ=9 | ImproveTotal=849
[IMPROVE] Iter=87054 | T=25.4414 | NewBest=216311 | Δ=43 | ImproveTotal=850
[IMPROVE] Iter=87066 | T=25.4159 | NewBest=216283 | Δ=29 | ImproveTotal=851
[IMPROVE] Iter=87074 | T=25.3905 | NewBest=216280 | Δ=5 | ImproveTotal=852
[IMPROVE] Iter=87104 | T=25.3144 | NewBest=216277 | Δ=3 | ImproveTotal=853
[IMPROVE] Iter=87404 | T=24.5659 | NewBest=216270 | Δ=32 | ImproveTotal=854
[IMPROVE] Iter=87411 | T=24.5413 | NewBest=216259 | Δ=14 | ImproveTotal=855
[IMPROVE] Iter=87413 | T=24.5413 | NewBest=216251 | Δ=8 | ImproveTotal=856
[IMPROVE] Iter=87421 | T=24.5168 | NewBest=216231 | Δ=20 | ImproveTotal=857
[IMPROVE] Iter=87429 | T=24.5168 | NewBest=216226 | Δ=12 | ImproveTotal=858
[IMPROVE] Iter=87430 | T=24.5168 | NewBest=216187 | Δ=39 | ImproveTotal=859
[IMPROVE] Iter=90062 | T=18.8257 | NewBest=216181 | Δ=22 | ImproveTotal=860
[IMPROVE] Iter=90181 | T=18.6011 | NewBest=216175 | Δ=23 | ImproveTotal=861
[IMPROVE] Iter=90193 | T=18.5825 | NewBest=216153 | Δ=22 | ImproveTotal=862
[IMPROVE] Iter=90207 | T=18.5639 | NewBest=216148 | Δ=7 | ImproveTotal=863
[IMPROVE] Iter=90237 | T=18.5083 | NewBest=216145 | Δ=18 | ImproveTotal=864
[IMPROVE] Iter=90238 | T=18.5083 | NewBest=216129 | Δ=16 | ImproveTotal=865
[IMPROVE] Iter=90250 | T=18.4898 | NewBest=216127 | Δ=11 | ImproveTotal=866
[IMPROVE] Iter=90261 | T=18.4528 | NewBest=216113 | Δ=21 | ImproveTotal=867
[IMPROVE] Iter=90286 | T=18.4159 | NewBest=216109 | Δ=12 | ImproveTotal=868
[IMPROVE] Iter=90299 | T=18.3975 | NewBest=216011 | Δ=100 | ImproveTotal=869
[IMPROVE] Iter=90333 | T=18.324 | NewBest=215996 | Δ=23 | ImproveTotal=870
[IMPROVE] Iter=91102 | T=16.9654 | NewBest=215991 | Δ=75 | ImproveTotal=871
[IMPROVE] Iter=91108 | T=16.9654 | NewBest=215975 | Δ=28 | ImproveTotal=872
[IMPROVE] Iter=91111 | T=16.9484 | NewBest=215974 | Δ=1 | ImproveTotal=873
[IMPROVE] Iter=91150 | T=16.8976 | NewBest=215971 | Δ=50 | ImproveTotal=874
[IMPROVE] Iter=91168 | T=16.8638 | NewBest=215953 | Δ=21 | ImproveTotal=875
[IMPROVE] Iter=91169 | T=16.8638 | NewBest=215952 | Δ=1 | ImproveTotal=876
[IMPROVE] Iter=91185 | T=16.8301 | NewBest=215934 | Δ=25 | ImproveTotal=877
[IMPROVE] Iter=91191 | T=16.8133 | NewBest=215933 | Δ=1 | ImproveTotal=878
[IMPROVE] Iter=91192 | T=16.8133 | NewBest=215931 | Δ=2 | ImproveTotal=879
[IMPROVE] Iter=91237 | T=16.7461 | NewBest=215924 | Δ=22 | ImproveTotal=880
[IMPROVE] Iter=91238 | T=16.7461 | NewBest=215918 | Δ=6 | ImproveTotal=881
[IMPROVE] Iter=91257 | T=16.7127 | NewBest=215915 | Δ=18 | ImproveTotal=882
[IMPROVE] Iter=91273 | T=16.6792 | NewBest=215912 | Δ=14 | ImproveTotal=883
[IMPROVE] Iter=91342 | T=16.5628 | NewBest=215902 | Δ=15 | ImproveTotal=884
[IMPROVE] Iter=91351 | T=16.5463 | NewBest=215858 | Δ=45 | ImproveTotal=885
[IMPROVE] Iter=91418 | T=16.4472 | NewBest=215811 | Δ=68 | ImproveTotal=886
[IMPROVE] Iter=91421 | T=16.4308 | NewBest=215807 | Δ=4 | ImproveTotal=887
[IMPROVE] Iter=91425 | T=16.4308 | NewBest=215803 | Δ=4 | ImproveTotal=888
[IMPROVE] Iter=91435 | T=16.4144 | NewBest=215799 | Δ=16 | ImproveTotal=889
[IMPROVE] Iter=91440 | T=16.4144 | NewBest=215783 | Δ=16 | ImproveTotal=890
[IMPROVE] Iter=91443 | T=16.398 | NewBest=215758 | Δ=25 | ImproveTotal=891
[IMPROVE] Iter=92104 | T=15.3501 | NewBest=215740 | Δ=24 | ImproveTotal=892
[IMPROVE] Iter=92201 | T=15.1973 | NewBest=215739 | Δ=12 | ImproveTotal=893
[IMPROVE] Iter=92218 | T=15.1821 | NewBest=215720 | Δ=46 | ImproveTotal=894
[IMPROVE] Iter=92220 | T=15.1821 | NewBest=215719 | Δ=1 | ImproveTotal=895
[IMPROVE] Iter=92231 | T=15.1518 | NewBest=215702 | Δ=17 | ImproveTotal=896
[IMPROVE] Iter=92235 | T=15.1518 | NewBest=215694 | Δ=8 | ImproveTotal=897
[IMPROVE] Iter=92248 | T=15.1366 | NewBest=215693 | Δ=8 | ImproveTotal=898
[IMPROVE] Iter=92251 | T=15.1215 | NewBest=215691 | Δ=2 | ImproveTotal=899
[IMPROVE] Iter=92256 | T=15.1215 | NewBest=215686 | Δ=5 | ImproveTotal=900
[IMPROVE] Iter=92270 | T=15.1064 | NewBest=215684 | Δ=2 | ImproveTotal=901
[IMPROVE] Iter=92273 | T=15.0912 | NewBest=215673 | Δ=11 | ImproveTotal=902
[IMPROVE] Iter=92737 | T=14.4124 | NewBest=215665 | Δ=24 | ImproveTotal=903
[IMPROVE] Iter=93085 | T=13.9165 | NewBest=215664 | Δ=1 | ImproveTotal=904
[IMPROVE] Iter=93086 | T=13.9165 | NewBest=215663 | Δ=1 | ImproveTotal=905
[IMPROVE] Iter=93116 | T=13.8748 | NewBest=215655 | Δ=15 | ImproveTotal=906
[IMPROVE] Iter=93143 | T=13.8332 | NewBest=215649 | Δ=7 | ImproveTotal=907
[IMPROVE] Iter=93154 | T=13.8194 | NewBest=215645 | Δ=4 | ImproveTotal=908
[IMPROVE] Iter=93265 | T=13.6681 | NewBest=215639 | Δ=25 | ImproveTotal=909
[IMPROVE] Iter=93313 | T=13.5999 | NewBest=215629 | Δ=18 | ImproveTotal=910
[IMPROVE] Iter=93480 | T=13.3839 | NewBest=215616 | Δ=27 | ImproveTotal=911
[IMPROVE] Iter=93485 | T=13.3705 | NewBest=215611 | Δ=24 | ImproveTotal=912
[IMPROVE] Iter=93487 | T=13.3705 | NewBest=215606 | Δ=15 | ImproveTotal=913
[IMPROVE] Iter=93499 | T=13.3572 | NewBest=215600 | Δ=10 | ImproveTotal=914
[IMPROVE] Iter=93515 | T=13.3305 | NewBest=215584 | Δ=18 | ImproveTotal=915
[IMPROVE] Iter=93523 | T=13.3171 | NewBest=215565 | Δ=19 | ImproveTotal=916
[IMPROVE] Iter=93524 | T=13.3171 | NewBest=215564 | Δ=1 | ImproveTotal=917
[IMPROVE] Iter=93546 | T=13.2905 | NewBest=215553 | Δ=34 | ImproveTotal=918
[IMPROVE] Iter=93554 | T=13.2772 | NewBest=215547 | Δ=9 | ImproveTotal=919
[IMPROVE] Iter=93566 | T=13.264 | NewBest=215542 | Δ=5 | ImproveTotal=920
[IMPROVE] Iter=93600 | T=13.2242 | NewBest=215540 | Δ=11 | ImproveTotal=921
[IMPROVE] Iter=93621 | T=13.1846 | NewBest=215538 | Δ=19 | ImproveTotal=922
[IMPROVE] Iter=93731 | T=13.0403 | NewBest=215535 | Δ=14 | ImproveTotal=923
[IMPROVE] Iter=93736 | T=13.0403 | NewBest=215527 | Δ=9 | ImproveTotal=924
[IMPROVE] Iter=93747 | T=13.0272 | NewBest=215524 | Δ=15 | ImproveTotal=925
[IMPROVE] Iter=93751 | T=13.0142 | NewBest=215507 | Δ=17 | ImproveTotal=926
[IMPROVE] Iter=93764 | T=13.0012 | NewBest=215489 | Δ=20 | ImproveTotal=927
[IMPROVE] Iter=93776 | T=12.9882 | NewBest=215485 | Δ=28 | ImproveTotal=928
[IMPROVE] Iter=93783 | T=12.9752 | NewBest=215483 | Δ=2 | ImproveTotal=929
[IMPROVE] Iter=93798 | T=12.9622 | NewBest=215476 | Δ=7 | ImproveTotal=930
[IMPROVE] Iter=93890 | T=12.846 | NewBest=215465 | Δ=59 | ImproveTotal=931
[IMPROVE] Iter=93925 | T=12.7947 | NewBest=215463 | Δ=2 | ImproveTotal=932
[IMPROVE] Iter=93954 | T=12.7564 | NewBest=215447 | Δ=19 | ImproveTotal=933
[IMPROVE] Iter=94040 | T=12.6547 | NewBest=215440 | Δ=20 | ImproveTotal=934
[IMPROVE] Iter=94084 | T=12.5915 | NewBest=215438 | Δ=14 | ImproveTotal=935
[IMPROVE] Iter=94107 | T=12.5664 | NewBest=215433 | Δ=7 | ImproveTotal=936
[IMPROVE] Iter=94120 | T=12.5538 | NewBest=215422 | Δ=11 | ImproveTotal=937
[IMPROVE] Iter=94322 | T=12.2928 | NewBest=215398 | Δ=51 | ImproveTotal=938
[IMPROVE] Iter=94457 | T=12.1339 | NewBest=215395 | Δ=5 | ImproveTotal=939
[IMPROVE] Iter=94463 | T=12.1218 | NewBest=215389 | Δ=6 | ImproveTotal=940
[IMPROVE] Iter=94472 | T=12.1097 | NewBest=215381 | Δ=8 | ImproveTotal=941
[IMPROVE] Iter=94488 | T=12.0976 | NewBest=215377 | Δ=4 | ImproveTotal=942
[IMPROVE] Iter=94559 | T=12.0131 | NewBest=215345 | Δ=36 | ImproveTotal=943
[IMPROVE] Iter=94570 | T=12.0011 | NewBest=215338 | Δ=15 | ImproveTotal=944
[IMPROVE] Iter=94634 | T=11.9174 | NewBest=215332 | Δ=21 | ImproveTotal=945
[IMPROVE] Iter=94662 | T=11.8817 | NewBest=215283 | Δ=62 | ImproveTotal=946
[IMPROVE] Iter=94663 | T=11.8817 | NewBest=215281 | Δ=2 | ImproveTotal=947
[IMPROVE] Iter=94967 | T=11.5303 | NewBest=215278 | Δ=3 | ImproveTotal=948
[IMPROVE] Iter=94968 | T=11.5303 | NewBest=215268 | Δ=10 | ImproveTotal=949
[IMPROVE] Iter=94981 | T=11.5073 | NewBest=215249 | Δ=19 | ImproveTotal=950
[IMPROVE] Iter=94991 | T=11.4958 | NewBest=215240 | Δ=9 | ImproveTotal=951
[IMPROVE] Iter=94992 | T=11.4958 | NewBest=215232 | Δ=8 | ImproveTotal=952
[IMPROVE] Iter=94993 | T=11.4958 | NewBest=215231 | Δ=1 | ImproveTotal=953
[IMPROVE] Iter=95000 | T=11.4958 | NewBest=215205 | Δ=26 | ImproveTotal=954
[IMPROVE] Iter=95160 | T=11.3132 | NewBest=215203 | Δ=6 | ImproveTotal=955
[IMPROVE] Iter=95297 | T=11.1558 | NewBest=215202 | Δ=4 | ImproveTotal=956
[IMPROVE] Iter=95311 | T=11.1335 | NewBest=215190 | Δ=40 | ImproveTotal=957
[IMPROVE] Iter=95333 | T=11.1113 | NewBest=215189 | Δ=2 | ImproveTotal=958
[IMPROVE] Iter=95339 | T=11.1113 | NewBest=215180 | Δ=9 | ImproveTotal=959
[IMPROVE] Iter=95435 | T=11.0007 | NewBest=215178 | Δ=28 | ImproveTotal=960
[IMPROVE] Iter=95444 | T=10.9897 | NewBest=215170 | Δ=9 | ImproveTotal=961
[IMPROVE] Iter=95455 | T=10.9787 | NewBest=215166 | Δ=4 | ImproveTotal=962
[IMPROVE] Iter=95491 | T=10.9348 | NewBest=215153 | Δ=18 | ImproveTotal=963
[IMPROVE] Iter=95500 | T=10.9348 | NewBest=215146 | Δ=10 | ImproveTotal=964
[IMPROVE] Iter=95530 | T=10.9021 | NewBest=215130 | Δ=40 | ImproveTotal=965
[IMPROVE] Iter=95537 | T=10.8912 | NewBest=215115 | Δ=17 | ImproveTotal=966
[IMPROVE] Iter=95569 | T=10.8585 | NewBest=215112 | Δ=7 | ImproveTotal=967
[IMPROVE] Iter=95570 | T=10.8585 | NewBest=215090 | Δ=22 | ImproveTotal=968
[IMPROVE] Iter=95574 | T=10.8477 | NewBest=215078 | Δ=12 | ImproveTotal=969
[IMPROVE] Iter=95840 | T=10.5691 | NewBest=215077 | Δ=7 | ImproveTotal=970
[IMPROVE] Iter=95879 | T=10.5269 | NewBest=215067 | Δ=34 | ImproveTotal=971
[IMPROVE] Iter=95925 | T=10.4744 | NewBest=215060 | Δ=10 | ImproveTotal=972
[IMPROVE] Iter=95952 | T=10.443 | NewBest=215049 | Δ=17 | ImproveTotal=973
[IMPROVE] Iter=95955 | T=10.443 | NewBest=215045 | Δ=4 | ImproveTotal=974
[IMPROVE] Iter=95971 | T=10.4221 | NewBest=215042 | Δ=3 | ImproveTotal=975
[IMPROVE] Iter=95975 | T=10.4221 | NewBest=215033 | Δ=9 | ImproveTotal=976
[IMPROVE] Iter=96070 | T=10.3287 | NewBest=215013 | Δ=25 | ImproveTotal=977
[IMPROVE] Iter=96077 | T=10.3184 | NewBest=215012 | Δ=1 | ImproveTotal=978
[IMPROVE] Iter=96082 | T=10.308 | NewBest=215004 | Δ=8 | ImproveTotal=979
[IMPROVE] Iter=96088 | T=10.308 | NewBest=215003 | Δ=8 | ImproveTotal=980
[IMPROVE] Iter=96094 | T=10.2977 | NewBest=215002 | Δ=1 | ImproveTotal=981
[IMPROVE] Iter=96107 | T=10.2874 | NewBest=214998 | Δ=4 | ImproveTotal=982
[IMPROVE] Iter=96121 | T=10.2669 | NewBest=214994 | Δ=7 | ImproveTotal=983
[IMPROVE] Iter=96144 | T=10.2463 | NewBest=214954 | Δ=40 | ImproveTotal=984
[IMPROVE] Iter=96263 | T=10.1241 | NewBest=214951 | Δ=4 | ImproveTotal=985
[IMPROVE] Iter=96972 | T=9.42985 | NewBest=214946 | Δ=17 | ImproveTotal=986
[IMPROVE] Iter=96974 | T=9.42985 | NewBest=214944 | Δ=2 | ImproveTotal=987
[IMPROVE] Iter=96987 | T=9.42042 | NewBest=214939 | Δ=5 | ImproveTotal=988
[IMPROVE] Iter=96992 | T=9.411 | NewBest=214932 | Δ=7 | ImproveTotal=989
[IMPROVE] Iter=98018 | T=8.49797 | NewBest=214929 | Δ=14 | ImproveTotal=990
[IMPROVE] Iter=98083 | T=8.43867 | NewBest=214926 | Δ=3 | ImproveTotal=991
[IMPROVE] Iter=98151 | T=8.37977 | NewBest=214917 | Δ=10 | ImproveTotal=992
[IMPROVE] Iter=98159 | T=8.37977 | NewBest=214910 | Δ=17 | ImproveTotal=993
[IMPROVE] Iter=98177 | T=8.36302 | NewBest=214874 | Δ=36 | ImproveTotal=994
[IMPROVE] Iter=98290 | T=8.27149 | NewBest=214872 | Δ=14 | ImproveTotal=995
[IMPROVE] Iter=98353 | T=8.21376 | NewBest=214854 | Δ=19 | ImproveTotal=996
[IMPROVE] Iter=98375 | T=8.19734 | NewBest=214852 | Δ=5 | ImproveTotal=997
[IMPROVE] Iter=98388 | T=8.18914 | NewBest=214826 | Δ=32 | ImproveTotal=998
[IMPROVE] Iter=98816 | T=7.84431 | NewBest=214802 | Δ=45 | ImproveTotal=999
[IMPROVE] Iter=98833 | T=7.82862 | NewBest=214801 | Δ=4 | ImproveTotal=1000
[IMPROVE] Iter=99366 | T=7.42431 | NewBest=214799 | Δ=6 | ImproveTotal=1001
[IMPROVE] Iter=99374 | T=7.41689 | NewBest=214792 | Δ=7 | ImproveTotal=1002
[IMPROVE] Iter=99379 | T=7.41689 | NewBest=214786 | Δ=6 | ImproveTotal=1003
[IMPROVE] Iter=99382 | T=7.40947 | NewBest=214782 | Δ=4 | ImproveTotal=1004
[IMPROVE] Iter=99394 | T=7.40206 | NewBest=214781 | Δ=1 | ImproveTotal=1005
[IMPROVE] Iter=99414 | T=7.38727 | NewBest=214778 | Δ=4 | ImproveTotal=1006
[IMPROVE] Iter=99512 | T=7.31373 | NewBest=214766 | Δ=28 | ImproveTotal=1007
[IMPROVE] Iter=99525 | T=7.30641 | NewBest=214763 | Δ=3 | ImproveTotal=1008
[IMPROVE] Iter=99538 | T=7.29911 | NewBest=214762 | Δ=1 | ImproveTotal=1009
[IMPROVE] Iter=99562 | T=7.27723 | NewBest=214752 | Δ=10 | ImproveTotal=1010
[IMPROVE] Iter=99583 | T=7.26268 | NewBest=214749 | Δ=8 | ImproveTotal=1011
[IMPROVE] Iter=99584 | T=7.26268 | NewBest=214725 | Δ=24 | ImproveTotal=1012
[IMPROVE] Iter=99593 | T=7.25542 | NewBest=214708 | Δ=17 | ImproveTotal=1013
[IMPROVE] Iter=99761 | T=7.13306 | NewBest=214706 | Δ=12 | ImproveTotal=1014
[IMPROVE] Iter=100103 | T=6.8945 | NewBest=214703 | Δ=14 | ImproveTotal=1015
[IMPROVE] Iter=100320 | T=6.75115 | NewBest=214699 | Δ=6 | ImproveTotal=1016
[IMPROVE] Iter=100332 | T=6.73765 | NewBest=214698 | Δ=3 | ImproveTotal=1017
[IMPROVE] Iter=100344 | T=6.73092 | NewBest=214675 | Δ=24 | ImproveTotal=1018
[IMPROVE] Iter=100359 | T=6.72419 | NewBest=214670 | Δ=8 | ImproveTotal=1019
[IMPROVE] Iter=100365 | T=6.71746 | NewBest=214662 | Δ=8 | ImproveTotal=1020
[IMPROVE] Iter=100873 | T=6.3833 | NewBest=214659 | Δ=18 | ImproveTotal=1021
[IMPROVE] Iter=100889 | T=6.37691 | NewBest=214657 | Δ=2 | ImproveTotal=1022
[IMPROVE] Iter=100890 | T=6.37691 | NewBest=214651 | Δ=6 | ImproveTotal=1023
[IMPROVE] Iter=100902 | T=6.36417 | NewBest=214638 | Δ=13 | ImproveTotal=1024
[IMPROVE] Iter=102152 | T=5.61601 | NewBest=214632 | Δ=14 | ImproveTotal=1025
[IMPROVE] Iter=102170 | T=5.61039 | NewBest=214629 | Δ=8 | ImproveTotal=1026
[IMPROVE] Iter=102193 | T=5.59358 | NewBest=214616 | Δ=13 | ImproveTotal=1027
[IMPROVE] Iter=102260 | T=5.5601 | NewBest=214610 | Δ=20 | ImproveTotal=1028
[IMPROVE] Iter=102285 | T=5.54343 | NewBest=214607 | Δ=3 | ImproveTotal=1029
[IMPROVE] Iter=102388 | T=5.48825 | NewBest=214603 | Δ=13 | ImproveTotal=1030
[IMPROVE] Iter=102396 | T=5.48276 | NewBest=214599 | Δ=4 | ImproveTotal=1031
[IMPROVE] Iter=102397 | T=5.48276 | NewBest=214595 | Δ=4 | ImproveTotal=1032
[IMPROVE] Iter=102436 | T=5.46086 | NewBest=214587 | Δ=8 | ImproveTotal=1033
[IMPROVE] Iter=102469 | T=5.4445 | NewBest=214582 | Δ=5 | ImproveTotal=1034
[IMPROVE] Iter=102752 | T=5.2888 | NewBest=214569 | Δ=35 | ImproveTotal=1035
[IMPROVE] Iter=102795 | T=5.26767 | NewBest=214567 | Δ=2 | ImproveTotal=1036
[IMPROVE] Iter=102805 | T=5.26241 | NewBest=214560 | Δ=7 | ImproveTotal=1037
[IMPROVE] Iter=102830 | T=5.25189 | NewBest=214556 | Δ=4 | ImproveTotal=1038
[IMPROVE] Iter=102850 | T=5.24139 | NewBest=214544 | Δ=12 | ImproveTotal=1039
[IMPROVE] Iter=102901 | T=5.21002 | NewBest=214539 | Δ=7 | ImproveTotal=1040
[IMPROVE] Iter=102940 | T=5.1944 | NewBest=214517 | Δ=23 | ImproveTotal=1041
[IMPROVE] Iter=102945 | T=5.18921 | NewBest=214501 | Δ=16 | ImproveTotal=1042
[IMPROVE] Iter=102976 | T=5.17366 | NewBest=214499 | Δ=2 | ImproveTotal=1043
[IMPROVE] Iter=103031 | T=5.14269 | NewBest=214497 | Δ=4 | ImproveTotal=1044
[IMPROVE] Iter=103037 | T=5.14269 | NewBest=214495 | Δ=2 | ImproveTotal=1045
[IMPROVE] Iter=103147 | T=5.0864 | NewBest=214490 | Δ=19 | ImproveTotal=1046
[IMPROVE] Iter=103210 | T=5.05596 | NewBest=214477 | Δ=15 | ImproveTotal=1047
[IMPROVE] Iter=103356 | T=4.98065 | NewBest=214475 | Δ=14 | ImproveTotal=1048
[IMPROVE] Iter=104485 | T=4.44822 | NewBest=214451 | Δ=26 | ImproveTotal=1049
[IMPROVE] Iter=104496 | T=4.44377 | NewBest=214448 | Δ=3 | ImproveTotal=1050
[IMPROVE] Iter=104499 | T=4.44377 | NewBest=214443 | Δ=5 | ImproveTotal=1051
[IMPROVE] Iter=104512 | T=4.43489 | NewBest=214440 | Δ=3 | ImproveTotal=1052
[IMPROVE] Iter=104562 | T=4.41276 | NewBest=214436 | Δ=4 | ImproveTotal=1053
[IMPROVE] Iter=104730 | T=4.34268 | NewBest=214430 | Δ=11 | ImproveTotal=1054
[IMPROVE] Iter=104785 | T=4.31669 | NewBest=214427 | Δ=4 | ImproveTotal=1055
[IMPROVE] Iter=104787 | T=4.31669 | NewBest=214426 | Δ=1 | ImproveTotal=1056
[IMPROVE] Iter=104788 | T=4.31669 | NewBest=214423 | Δ=3 | ImproveTotal=1057
[IMPROVE] Iter=104826 | T=4.29945 | NewBest=214422 | Δ=2 | ImproveTotal=1058
[IMPROVE] Iter=104917 | T=4.26091 | NewBest=214421 | Δ=2 | ImproveTotal=1059
[IMPROVE] Iter=104975 | T=4.23541 | NewBest=214414 | Δ=10 | ImproveTotal=1060
[IMPROVE] Iter=104982 | T=4.23117 | NewBest=214411 | Δ=3 | ImproveTotal=1061
[IMPROVE] Iter=104985 | T=4.23117 | NewBest=214403 | Δ=8 | ImproveTotal=1062
[IMPROVE] Iter=105009 | T=4.22271 | NewBest=214398 | Δ=5 | ImproveTotal=1063
[IMPROVE] Iter=105031 | T=4.21006 | NewBest=214390 | Δ=8 | ImproveTotal=1064
[IMPROVE] Iter=105182 | T=4.14735 | NewBest=214380 | Δ=11 | ImproveTotal=1065
[IMPROVE] Iter=105236 | T=4.12665 | NewBest=214372 | Δ=23 | ImproveTotal=1066
[IMPROVE] Iter=105285 | T=4.10606 | NewBest=214367 | Δ=5 | ImproveTotal=1067
[IMPROVE] Iter=105300 | T=4.10195 | NewBest=214365 | Δ=2 | ImproveTotal=1068
[IMPROVE] Iter=105311 | T=4.09375 | NewBest=214363 | Δ=2 | ImproveTotal=1069
[IMPROVE] Iter=105371 | T=4.06925 | NewBest=214361 | Δ=6 | ImproveTotal=1070
[IMPROVE] Iter=105409 | T=4.05706 | NewBest=214357 | Δ=4 | ImproveTotal=1071
[IMPROVE] Iter=105426 | T=4.04895 | NewBest=214356 | Δ=3 | ImproveTotal=1072
[IMPROVE] Iter=105554 | T=3.99663 | NewBest=214354 | Δ=4 | ImproveTotal=1073
[IMPROVE] Iter=105566 | T=3.99263 | NewBest=214334 | Δ=22 | ImproveTotal=1074
[IMPROVE] Iter=105609 | T=3.97668 | NewBest=214328 | Δ=12 | ImproveTotal=1075
[IMPROVE] Iter=105648 | T=3.9608 | NewBest=214326 | Δ=2 | ImproveTotal=1076
[IMPROVE] Iter=105745 | T=3.92137 | NewBest=214321 | Δ=8 | ImproveTotal=1077
[IMPROVE] Iter=105746 | T=3.92137 | NewBest=214314 | Δ=7 | ImproveTotal=1078
[IMPROVE] Iter=105783 | T=3.90571 | NewBest=214309 | Δ=5 | ImproveTotal=1079
[IMPROVE] Iter=105840 | T=3.88622 | NewBest=214306 | Δ=6 | ImproveTotal=1080
[IMPROVE] Iter=105843 | T=3.88233 | NewBest=214304 | Δ=2 | ImproveTotal=1081
[IMPROVE] Iter=105896 | T=3.86296 | NewBest=214282 | Δ=31 | ImproveTotal=1082
[IMPROVE] Iter=106027 | T=3.81304 | NewBest=214276 | Δ=6 | ImproveTotal=1083
[IMPROVE] Iter=106046 | T=3.80542 | NewBest=214270 | Δ=6 | ImproveTotal=1084
[IMPROVE] Iter=106108 | T=3.78264 | NewBest=214269 | Δ=1 | ImproveTotal=1085
[IMPROVE] Iter=106133 | T=3.77131 | NewBest=214257 | Δ=12 | ImproveTotal=1086
[IMPROVE] Iter=106191 | T=3.74874 | NewBest=214254 | Δ=5 | ImproveTotal=1087
[IMPROVE] Iter=106212 | T=3.74124 | NewBest=214246 | Δ=8 | ImproveTotal=1088
[IMPROVE] Iter=106235 | T=3.73376 | NewBest=214243 | Δ=3 | ImproveTotal=1089
[IMPROVE] Iter=106271 | T=3.71885 | NewBest=214230 | Δ=17 | ImproveTotal=1090
[IMPROVE] Iter=106287 | T=3.71513 | NewBest=214226 | Δ=4 | ImproveTotal=1091
[IMPROVE] Iter=106382 | T=3.67815 | NewBest=214224 | Δ=10 | ImproveTotal=1092
[IMPROVE] Iter=106402 | T=3.67079 | NewBest=214220 | Δ=4 | ImproveTotal=1093
[IMPROVE] Iter=106425 | T=3.66346 | NewBest=214218 | Δ=2 | ImproveTotal=1094
[IMPROVE] Iter=106480 | T=3.64518 | NewBest=214217 | Δ=1 | ImproveTotal=1095
[IMPROVE] Iter=106531 | T=3.62336 | NewBest=214216 | Δ=1 | ImproveTotal=1096
[IMPROVE] Iter=106539 | T=3.62336 | NewBest=214211 | Δ=5 | ImproveTotal=1097
[IMPROVE] Iter=106549 | T=3.61974 | NewBest=214209 | Δ=2 | ImproveTotal=1098
[IMPROVE] Iter=106588 | T=3.60528 | NewBest=214205 | Δ=4 | ImproveTotal=1099
[IMPROVE] Iter=106684 | T=3.56939 | NewBest=214204 | Δ=1 | ImproveTotal=1100
[IMPROVE] Iter=106765 | T=3.54093 | NewBest=214201 | Δ=3 | ImproveTotal=1101
[IMPROVE] Iter=106770 | T=3.54093 | NewBest=214200 | Δ=1 | ImproveTotal=1102
[IMPROVE] Iter=106779 | T=3.53739 | NewBest=214197 | Δ=3 | ImproveTotal=1103
[IMPROVE] Iter=106995 | T=3.46038 | NewBest=214194 | Δ=17 | ImproveTotal=1104
[IMPROVE] Iter=106999 | T=3.46038 | NewBest=214184 | Δ=10 | ImproveTotal=1105
[IMPROVE] Iter=107023 | T=3.45001 | NewBest=214173 | Δ=11 | ImproveTotal=1106
[IMPROVE] Iter=107602 | T=3.25551 | NewBest=214170 | Δ=4 | ImproveTotal=1107
[IMPROVE] Iter=107622 | T=3.249 | NewBest=214168 | Δ=2 | ImproveTotal=1108
[IMPROVE] Iter=107674 | T=3.23279 | NewBest=214167 | Δ=1 | ImproveTotal=1109
[IMPROVE] Iter=107675 | T=3.23279 | NewBest=214166 | Δ=1 | ImproveTotal=1110
[IMPROVE] Iter=107908 | T=3.15924 | NewBest=214160 | Δ=11 | ImproveTotal=1111
[IMPROVE] Iter=107909 | T=3.15924 | NewBest=214159 | Δ=1 | ImproveTotal=1112
[IMPROVE] Iter=107939 | T=3.14978 | NewBest=214150 | Δ=15 | ImproveTotal=1113
[IMPROVE] Iter=107991 | T=3.13093 | NewBest=214142 | Δ=12 | ImproveTotal=1114
[IMPROVE] Iter=107994 | T=3.13093 | NewBest=214130 | Δ=12 | ImproveTotal=1115
[IMPROVE] Iter=108002 | T=3.12779 | NewBest=214129 | Δ=1 | ImproveTotal=1116
[IMPROVE] Iter=108027 | T=3.12154 | NewBest=214122 | Δ=7 | ImproveTotal=1117
[IMPROVE] Iter=108036 | T=3.11842 | NewBest=214119 | Δ=3 | ImproveTotal=1118
[IMPROVE] Iter=108038 | T=3.11842 | NewBest=214117 | Δ=2 | ImproveTotal=1119
[IMPROVE] Iter=108078 | T=3.10597 | NewBest=214106 | Δ=11 | ImproveTotal=1120
[IMPROVE] Iter=108124 | T=3.09047 | NewBest=214105 | Δ=1 | ImproveTotal=1121
[IMPROVE] Iter=108173 | T=3.07504 | NewBest=214102 | Δ=3 | ImproveTotal=1122
[IMPROVE] Iter=108408 | T=3.00509 | NewBest=214098 | Δ=6 | ImproveTotal=1123
[IMPROVE] Iter=108425 | T=2.99908 | NewBest=214096 | Δ=2 | ImproveTotal=1124
[IMPROVE] Iter=108442 | T=2.99309 | NewBest=214092 | Δ=4 | ImproveTotal=1125
[IMPROVE] Iter=108445 | T=2.99309 | NewBest=214085 | Δ=7 | ImproveTotal=1126
[IMPROVE] Iter=108516 | T=2.9722 | NewBest=214081 | Δ=4 | ImproveTotal=1127
[IMPROVE] Iter=108531 | T=2.96626 | NewBest=214078 | Δ=3 | ImproveTotal=1128
[IMPROVE] Iter=108534 | T=2.96626 | NewBest=214075 | Δ=3 | ImproveTotal=1129
[IMPROVE] Iter=108566 | T=2.95737 | NewBest=214059 | Δ=16 | ImproveTotal=1130
[IMPROVE] Iter=108585 | T=2.95146 | NewBest=214057 | Δ=2 | ImproveTotal=1131
[IMPROVE] Iter=108648 | T=2.93379 | NewBest=214050 | Δ=7 | ImproveTotal=1132
[IMPROVE] Iter=108689 | T=2.92208 | NewBest=214044 | Δ=6 | ImproveTotal=1133
[IMPROVE] Iter=108716 | T=2.91332 | NewBest=214042 | Δ=4 | ImproveTotal=1134
[IMPROVE] Iter=108730 | T=2.9104 | NewBest=214041 | Δ=1 | ImproveTotal=1135
[IMPROVE] Iter=108745 | T=2.90459 | NewBest=214038 | Δ=3 | ImproveTotal=1136
[IMPROVE] Iter=109105 | T=2.80183 | NewBest=214033 | Δ=5 | ImproveTotal=1137
[IMPROVE] Iter=109119 | T=2.79903 | NewBest=214026 | Δ=7 | ImproveTotal=1138
[IMPROVE] Iter=109281 | T=2.75182 | NewBest=214017 | Δ=10 | ImproveTotal=1139
[IMPROVE] Iter=109298 | T=2.74907 | NewBest=214015 | Δ=2 | ImproveTotal=1140
[IMPROVE] Iter=109302 | T=2.74632 | NewBest=214009 | Δ=6 | ImproveTotal=1141
[IMPROVE] Iter=109320 | T=2.74358 | NewBest=214007 | Δ=4 | ImproveTotal=1142
[IMPROVE] Iter=109328 | T=2.74083 | NewBest=213998 | Δ=9 | ImproveTotal=1143
[IMPROVE] Iter=109354 | T=2.73262 | NewBest=213997 | Δ=1 | ImproveTotal=1144
[IMPROVE] Iter=109383 | T=2.72443 | NewBest=213987 | Δ=10 | ImproveTotal=1145
[IMPROVE] Iter=109491 | T=2.69461 | NewBest=213986 | Δ=1 | ImproveTotal=1146
[IMPROVE] Iter=109562 | T=2.6758 | NewBest=213979 | Δ=8 | ImproveTotal=1147
[IMPROVE] Iter=109588 | T=2.67046 | NewBest=213971 | Δ=8 | ImproveTotal=1148
[IMPROVE] Iter=109593 | T=2.66778 | NewBest=213963 | Δ=8 | ImproveTotal=1149
[IMPROVE] Iter=109786 | T=2.61755 | NewBest=213962 | Δ=1 | ImproveTotal=1150
[IMPROVE] Iter=109793 | T=2.61493 | NewBest=213951 | Δ=11 | ImproveTotal=1151
[IMPROVE] Iter=109805 | T=2.61232 | NewBest=213949 | Δ=2 | ImproveTotal=1152
[IMPROVE] Iter=109835 | T=2.60449 | NewBest=213947 | Δ=2 | ImproveTotal=1153
[IMPROVE] Iter=109872 | T=2.59409 | NewBest=213945 | Δ=2 | ImproveTotal=1154
[IMPROVE] Iter=110046 | T=2.55034 | NewBest=213941 | Δ=10 | ImproveTotal=1155
[IMPROVE] Iter=110060 | T=2.54779 | NewBest=213932 | Δ=9 | ImproveTotal=1156
[IMPROVE] Iter=110202 | T=2.50984 | NewBest=213930 | Δ=9 | ImproveTotal=1157
[IMPROVE] Iter=110224 | T=2.50482 | NewBest=213928 | Δ=2 | ImproveTotal=1158
[IMPROVE] Iter=110275 | T=2.49232 | NewBest=213926 | Δ=6 | ImproveTotal=1159
[IMPROVE] Iter=110278 | T=2.49232 | NewBest=213921 | Δ=5 | ImproveTotal=1160
[IMPROVE] Iter=110351 | T=2.47245 | NewBest=213919 | Δ=2 | ImproveTotal=1161
[IMPROVE] Iter=110465 | T=2.44539 | NewBest=213904 | Δ=15 | ImproveTotal=1162
[IMPROVE] Iter=110687 | T=2.39215 | NewBest=213903 | Δ=1 | ImproveTotal=1163
[IMPROVE] Iter=110745 | T=2.37784 | NewBest=213901 | Δ=2 | ImproveTotal=1164
[IMPROVE] Iter=110804 | T=2.3636 | NewBest=213897 | Δ=10 | ImproveTotal=1165
[IMPROVE] Iter=111204 | T=2.27088 | NewBest=213896 | Δ=1 | ImproveTotal=1166
[IMPROVE] Iter=111293 | T=2.25052 | NewBest=213889 | Δ=10 | ImproveTotal=1167
[IMPROVE] Iter=111403 | T=2.22589 | NewBest=213881 | Δ=8 | ImproveTotal=1168
[IMPROVE] Iter=111439 | T=2.21922 | NewBest=213876 | Δ=5 | ImproveTotal=1169
[IMPROVE] Iter=111503 | T=2.20373 | NewBest=213874 | Δ=3 | ImproveTotal=1170
[IMPROVE] Iter=111614 | T=2.17961 | NewBest=213870 | Δ=6 | ImproveTotal=1171
[IMPROVE] Iter=111620 | T=2.17961 | NewBest=213868 | Δ=2 | ImproveTotal=1172
[IMPROVE] Iter=111637 | T=2.17526 | NewBest=213862 | Δ=6 | ImproveTotal=1173
[IMPROVE] Iter=111732 | T=2.1536 | NewBest=213861 | Δ=1 | ImproveTotal=1174
[IMPROVE] Iter=111777 | T=2.145 | NewBest=213860 | Δ=1 | ImproveTotal=1175
[IMPROVE] Iter=111867 | T=2.12577 | NewBest=213855 | Δ=6 | ImproveTotal=1176
[IMPROVE] Iter=111904 | T=2.11728 | NewBest=213853 | Δ=4 | ImproveTotal=1177
[IMPROVE] Iter=111910 | T=2.11728 | NewBest=213851 | Δ=2 | ImproveTotal=1178
[IMPROVE] Iter=111935 | T=2.11094 | NewBest=213849 | Δ=2 | ImproveTotal=1179
[IMPROVE] Iter=111939 | T=2.11094 | NewBest=213840 | Δ=9 | ImproveTotal=1180
[IMPROVE] Iter=112045 | T=2.08783 | NewBest=213839 | Δ=2 | ImproveTotal=1181
[IMPROVE] Iter=112123 | T=2.07119 | NewBest=213838 | Δ=1 | ImproveTotal=1182
[IMPROVE] Iter=112275 | T=2.04034 | NewBest=213836 | Δ=2 | ImproveTotal=1183
[IMPROVE] Iter=112355 | T=2.02407 | NewBest=213831 | Δ=6 | ImproveTotal=1184
[IMPROVE] Iter=112373 | T=2.02002 | NewBest=213820 | Δ=11 | ImproveTotal=1185
[IMPROVE] Iter=112430 | T=2.00994 | NewBest=213819 | Δ=1 | ImproveTotal=1186
[IMPROVE] Iter=112443 | T=2.00593 | NewBest=213811 | Δ=8 | ImproveTotal=1187
[IMPROVE] Iter=112466 | T=2.00192 | NewBest=213807 | Δ=4 | ImproveTotal=1188
[IMPROVE] Iter=112480 | T=1.99991 | NewBest=213805 | Δ=2 | ImproveTotal=1189
[IMPROVE] Iter=112580 | T=1.98 | NewBest=213804 | Δ=2 | ImproveTotal=1190
[IMPROVE] Iter=112850 | T=1.92723 | NewBest=213799 | Δ=5 | ImproveTotal=1191
[IMPROVE] Iter=112996 | T=1.89853 | NewBest=213791 | Δ=12 | ImproveTotal=1192
[IMPROVE] Iter=113008 | T=1.89663 | NewBest=213789 | Δ=2 | ImproveTotal=1193
[IMPROVE] Iter=113027 | T=1.89284 | NewBest=213784 | Δ=5 | ImproveTotal=1194
[IMPROVE] Iter=113171 | T=1.86464 | NewBest=213773 | Δ=11 | ImproveTotal=1195
[IMPROVE] Iter=113209 | T=1.85905 | NewBest=213772 | Δ=1 | ImproveTotal=1196
[IMPROVE] Iter=113240 | T=1.85348 | NewBest=213769 | Δ=3 | ImproveTotal=1197
[IMPROVE] Iter=113292 | T=1.84239 | NewBest=213766 | Δ=3 | ImproveTotal=1198
[IMPROVE] Iter=113296 | T=1.84239 | NewBest=213764 | Δ=2 | ImproveTotal=1199
[IMPROVE] Iter=113318 | T=1.83871 | NewBest=213763 | Δ=1 | ImproveTotal=1200
[IMPROVE] Iter=113541 | T=1.79688 | NewBest=213761 | Δ=4 | ImproveTotal=1201
[IMPROVE] Iter=113833 | T=1.74549 | NewBest=213757 | Δ=4 | ImproveTotal=1202
[IMPROVE] Iter=113853 | T=1.742 | NewBest=213753 | Δ=4 | ImproveTotal=1203
[IMPROVE] Iter=113998 | T=1.71777 | NewBest=213752 | Δ=1 | ImproveTotal=1204
[IMPROVE] Iter=114099 | T=1.70067 | NewBest=213748 | Δ=4 | ImproveTotal=1205
[IMPROVE] Iter=114149 | T=1.69219 | NewBest=213747 | Δ=1 | ImproveTotal=1206
[IMPROVE] Iter=114255 | T=1.67366 | NewBest=213739 | Δ=8 | ImproveTotal=1207
[IMPROVE] Iter=114284 | T=1.66865 | NewBest=213733 | Δ=6 | ImproveTotal=1208
[IMPROVE] Iter=114288 | T=1.66865 | NewBest=213730 | Δ=3 | ImproveTotal=1209
[IMPROVE] Iter=114372 | T=1.65369 | NewBest=213729 | Δ=1 | ImproveTotal=1210
[IMPROVE] Iter=114384 | T=1.65204 | NewBest=213728 | Δ=1 | ImproveTotal=1211
[IMPROVE] Iter=114488 | T=1.63559 | NewBest=213727 | Δ=3 | ImproveTotal=1212
[IMPROVE] Iter=114532 | T=1.62743 | NewBest=213722 | Δ=5 | ImproveTotal=1213
[IMPROVE] Iter=114781 | T=1.58723 | NewBest=213721 | Δ=2 | ImproveTotal=1214
[IMPROVE] Iter=114783 | T=1.58723 | NewBest=213720 | Δ=1 | ImproveTotal=1215
[IMPROVE] Iter=114793 | T=1.58564 | NewBest=213716 | Δ=4 | ImproveTotal=1216
[IMPROVE] Iter=114796 | T=1.58564 | NewBest=213715 | Δ=1 | ImproveTotal=1217
[IMPROVE] Iter=114805 | T=1.58405 | NewBest=213712 | Δ=3 | ImproveTotal=1218
[IMPROVE] Iter=115206 | T=1.52191 | NewBest=213705 | Δ=9 | ImproveTotal=1219
[IMPROVE] Iter=115447 | T=1.4858 | NewBest=213704 | Δ=4 | ImproveTotal=1220
[IMPROVE] Iter=115450 | T=1.4858 | NewBest=213702 | Δ=2 | ImproveTotal=1221
[IMPROVE] Iter=115688 | T=1.45055 | NewBest=213700 | Δ=2 | ImproveTotal=1222
[IMPROVE] Iter=115861 | T=1.42466 | NewBest=213693 | Δ=7 | ImproveTotal=1223
[IMPROVE] Iter=115994 | T=1.40625 | NewBest=213686 | Δ=10 | ImproveTotal=1224
[IMPROVE] Iter=116044 | T=1.39924 | NewBest=213683 | Δ=3 | ImproveTotal=1225
[IMPROVE] Iter=116084 | T=1.39365 | NewBest=213682 | Δ=1 | ImproveTotal=1226
[IMPROVE] Iter=116143 | T=1.38531 | NewBest=213678 | Δ=4 | ImproveTotal=1227
[IMPROVE] Iter=116169 | T=1.38254 | NewBest=213677 | Δ=1 | ImproveTotal=1228
[IMPROVE] Iter=116207 | T=1.37701 | NewBest=213676 | Δ=1 | ImproveTotal=1229
[IMPROVE] Iter=116264 | T=1.36877 | NewBest=213675 | Δ=1 | ImproveTotal=1230
[IMPROVE] Iter=116674 | T=1.31376 | NewBest=213672 | Δ=4 | ImproveTotal=1231
[IMPROVE] Iter=116737 | T=1.3059 | NewBest=213671 | Δ=1 | ImproveTotal=1232
[IMPROVE] Iter=116983 | T=1.27364 | NewBest=213663 | Δ=10 | ImproveTotal=1233
[IMPROVE] Iter=117033 | T=1.26728 | NewBest=213662 | Δ=1 | ImproveTotal=1234
[IMPROVE] Iter=117135 | T=1.25467 | NewBest=213660 | Δ=2 | ImproveTotal=1235
[IMPROVE] Iter=117230 | T=1.24342 | NewBest=213652 | Δ=9 | ImproveTotal=1236
[IMPROVE] Iter=117311 | T=1.23228 | NewBest=213651 | Δ=3 | ImproveTotal=1237
[IMPROVE] Iter=117348 | T=1.22858 | NewBest=213649 | Δ=3 | ImproveTotal=1238
[IMPROVE] Iter=117458 | T=1.21514 | NewBest=213646 | Δ=3 | ImproveTotal=1239
[IMPROVE] Iter=117478 | T=1.21271 | NewBest=213644 | Δ=2 | ImproveTotal=1240
[IMPROVE] Iter=117483 | T=1.21149 | NewBest=213640 | Δ=4 | ImproveTotal=1241
[IMPROVE] Iter=117558 | T=1.20304 | NewBest=213637 | Δ=5 | ImproveTotal=1242
[IMPROVE] Iter=117713 | T=1.18393 | NewBest=213627 | Δ=10 | ImproveTotal=1243
[IMPROVE] Iter=117735 | T=1.18157 | NewBest=213625 | Δ=2 | ImproveTotal=1244
[IMPROVE] Iter=117787 | T=1.17567 | NewBest=213618 | Δ=7 | ImproveTotal=1245
[IMPROVE] Iter=118396 | T=1.10606 | NewBest=213615 | Δ=6 | ImproveTotal=1246
[IMPROVE] Iter=118414 | T=1.10385 | NewBest=213613 | Δ=2 | ImproveTotal=1247
[IMPROVE] Iter=118457 | T=1.09944 | NewBest=213611 | Δ=2 | ImproveTotal=1248
[IMPROVE] Iter=118886 | T=1.05315 | NewBest=213610 | Δ=1 | ImproveTotal=1249
[IMPROVE] Iter=119124 | T=1.02816 | NewBest=213605 | Δ=5 | ImproveTotal=1250
[IMPROVE] Iter=119321 | T=1.00779 | NewBest=213604 | Δ=2 | ImproveTotal=1251
[IMPROVE] Iter=119385 | T=1.00176 | NewBest=213602 | Δ=3 | ImproveTotal=1252
[IMPROVE] Iter=119512 | T=0.988815 | NewBest=213601 | Δ=1 | ImproveTotal=1253
[IMPROVE] Iter=119591 | T=0.980932 | NewBest=213597 | Δ=4 | ImproveTotal=1254
[IMPROVE] Iter=119805 | T=0.960537 | NewBest=213596 | Δ=3 | ImproveTotal=1255
[IMPROVE] Iter=119836 | T=0.957659 | NewBest=213595 | Δ=1 | ImproveTotal=1256
[IMPROVE] Iter=119973 | T=0.944338 | NewBest=213594 | Δ=1 | ImproveTotal=1257
[IMPROVE] Iter=120027 | T=0.939626 | NewBest=213572 | Δ=22 | ImproveTotal=1258
[IMPROVE] Iter=120064 | T=0.935873 | NewBest=213569 | Δ=4 | ImproveTotal=1259
[IMPROVE] Iter=120102 | T=0.932135 | NewBest=213567 | Δ=2 | ImproveTotal=1260
[IMPROVE] Iter=120531 | T=0.892884 | NewBest=213566 | Δ=3 | ImproveTotal=1261
[IMPROVE] Iter=120708 | T=0.877826 | NewBest=213553 | Δ=13 | ImproveTotal=1262
[IMPROVE] Iter=120764 | T=0.872572 | NewBest=213543 | Δ=10 | ImproveTotal=1263
[IMPROVE] Iter=120918 | T=0.859574 | NewBest=213541 | Δ=3 | ImproveTotal=1264
[IMPROVE] Iter=120937 | T=0.857856 | NewBest=213538 | Δ=4 | ImproveTotal=1265
[IMPROVE] Iter=121085 | T=0.845078 | NewBest=213536 | Δ=2 | ImproveTotal=1266
[IMPROVE] Iter=121416 | T=0.817632 | NewBest=213534 | Δ=2 | ImproveTotal=1267
[IMPROVE] Iter=121645 | T=0.799032 | NewBest=213527 | Δ=7 | ImproveTotal=1268
[IMPROVE] Iter=122046 | T=0.767686 | NewBest=213523 | Δ=4 | ImproveTotal=1269
[IMPROVE] Iter=122058 | T=0.766918 | NewBest=213521 | Δ=2 | ImproveTotal=1270
[IMPROVE] Iter=122124 | T=0.761566 | NewBest=213519 | Δ=2 | ImproveTotal=1271
[IMPROVE] Iter=122129 | T=0.761566 | NewBest=213516 | Δ=3 | ImproveTotal=1272
[IMPROVE] Iter=122150 | T=0.760044 | NewBest=213513 | Δ=3 | ImproveTotal=1273
[IMPROVE] Iter=122388 | T=0.742011 | NewBest=213511 | Δ=3 | ImproveTotal=1274
[IMPROVE] Iter=122459 | T=0.736832 | NewBest=213510 | Δ=2 | ImproveTotal=1275
[IMPROVE] Iter=122493 | T=0.733889 | NewBest=213509 | Δ=1 | ImproveTotal=1276
[IMPROVE] Iter=122585 | T=0.727311 | NewBest=213508 | Δ=1 | ImproveTotal=1277
[IMPROVE] Iter=123096 | T=0.69113 | NewBest=213506 | Δ=2 | ImproveTotal=1278
[IMPROVE] Iter=123184 | T=0.684935 | NewBest=213505 | Δ=1 | ImproveTotal=1279
[IMPROVE] Iter=123535 | T=0.661365 | NewBest=213501 | Δ=4 | ImproveTotal=1280
[IMPROVE] Iter=123712 | T=0.649561 | NewBest=213500 | Δ=3 | ImproveTotal=1281
[IMPROVE] Iter=123716 | T=0.649561 | NewBest=213498 | Δ=2 | ImproveTotal=1282
[IMPROVE] Iter=123779 | T=0.645674 | NewBest=213497 | Δ=1 | ImproveTotal=1283
[IMPROVE] Iter=124171 | T=0.620344 | NewBest=213496 | Δ=1 | ImproveTotal=1284
[IMPROVE] Iter=124243 | T=0.616015 | NewBest=213491 | Δ=5 | ImproveTotal=1285
[IMPROVE] Iter=124395 | T=0.606839 | NewBest=213489 | Δ=2 | ImproveTotal=1286
[IMPROVE] Iter=124432 | T=0.604415 | NewBest=213488 | Δ=1 | ImproveTotal=1287
[IMPROVE] Iter=124538 | T=0.598398 | NewBest=213485 | Δ=3 | ImproveTotal=1288
[IMPROVE] Iter=124813 | T=0.581867 | NewBest=213483 | Δ=2 | ImproveTotal=1289
[IMPROVE] Iter=124831 | T=0.580704 | NewBest=213479 | Δ=4 | ImproveTotal=1290
[IMPROVE] Iter=124940 | T=0.574923 | NewBest=213478 | Δ=1 | ImproveTotal=1291
[IMPROVE] Iter=124968 | T=0.5732 | NewBest=213475 | Δ=3 | ImproveTotal=1292
[IMPROVE] Iter=125055 | T=0.568062 | NewBest=213473 | Δ=2 | ImproveTotal=1293
[IMPROVE] Iter=125151 | T=0.562407 | NewBest=213472 | Δ=1 | ImproveTotal=1294
[IMPROVE] Iter=125205 | T=0.5596 | NewBest=213469 | Δ=3 | ImproveTotal=1295
[IMPROVE] Iter=125264 | T=0.556251 | NewBest=213465 | Δ=4 | ImproveTotal=1296
[IMPROVE] Iter=125271 | T=0.555695 | NewBest=213464 | Δ=1 | ImproveTotal=1297
[IMPROVE] Iter=125550 | T=0.540884 | NewBest=213459 | Δ=6 | ImproveTotal=1298
[IMPROVE] Iter=125599 | T=0.538185 | NewBest=213456 | Δ=3 | ImproveTotal=1299
[IMPROVE] Iter=125917 | T=0.521228 | NewBest=213455 | Δ=1 | ImproveTotal=1300
[IMPROVE] Iter=126114 | T=0.510902 | NewBest=213454 | Δ=1 | ImproveTotal=1301
[IMPROVE] Iter=126170 | T=0.508352 | NewBest=213450 | Δ=4 | ImproveTotal=1302
[IMPROVE] Iter=126173 | T=0.507844 | NewBest=213448 | Δ=2 | ImproveTotal=1303
[IMPROVE] Iter=126341 | T=0.499279 | NewBest=213446 | Δ=2 | ImproveTotal=1304
[IMPROVE] Iter=126414 | T=0.495795 | NewBest=213444 | Δ=2 | ImproveTotal=1305
[IMPROVE] Iter=126654 | T=0.484032 | NewBest=213442 | Δ=2 | ImproveTotal=1306
[IMPROVE] Iter=126785 | T=0.477777 | NewBest=213439 | Δ=3 | ImproveTotal=1307
[IMPROVE] Iter=126810 | T=0.476822 | NewBest=213437 | Δ=2 | ImproveTotal=1308
[IMPROVE] Iter=127059 | T=0.465043 | NewBest=213436 | Δ=1 | ImproveTotal=1309
[IMPROVE] Iter=127078 | T=0.464114 | NewBest=213435 | Δ=1 | ImproveTotal=1310
[IMPROVE] Iter=127534 | T=0.443238 | NewBest=213431 | Δ=4 | ImproveTotal=1311
[IMPROVE] Iter=127777 | T=0.432721 | NewBest=213427 | Δ=4 | ImproveTotal=1312
[IMPROVE] Iter=127872 | T=0.428414 | NewBest=213425 | Δ=2 | ImproveTotal=1313
[IMPROVE] Iter=128240 | T=0.413258 | NewBest=213424 | Δ=1 | ImproveTotal=1314
[IMPROVE] Iter=128293 | T=0.410784 | NewBest=213423 | Δ=1 | ImproveTotal=1315
[IMPROVE] Iter=128320 | T=0.409963 | NewBest=213422 | Δ=1 | ImproveTotal=1316
[IMPROVE] Iter=128407 | T=0.406288 | NewBest=213420 | Δ=2 | ImproveTotal=1317
[IMPROVE] Iter=129140 | T=0.377672 | NewBest=213418 | Δ=2 | ImproveTotal=1318
[IMPROVE] Iter=129186 | T=0.375787 | NewBest=213416 | Δ=2 | ImproveTotal=1319
[IMPROVE] Iter=129200 | T=0.375412 | NewBest=213414 | Δ=2 | ImproveTotal=1320
[IMPROVE] Iter=129323 | T=0.37056 | NewBest=213413 | Δ=1 | ImproveTotal=1321
[IMPROVE] Iter=129385 | T=0.368343 | NewBest=213409 | Δ=4 | ImproveTotal=1322
[IMPROVE] Iter=130388 | T=0.333274 | NewBest=213407 | Δ=2 | ImproveTotal=1323
[IMPROVE] Iter=130405 | T=0.332607 | NewBest=213401 | Δ=6 | ImproveTotal=1324
[IMPROVE] Iter=130519 | T=0.328967 | NewBest=213395 | Δ=6 | ImproveTotal=1325
[IMPROVE] Iter=130770 | T=0.320841 | NewBest=213385 | Δ=10 | ImproveTotal=1326
[IMPROVE] Iter=131250 | T=0.305797 | NewBest=213384 | Δ=1 | ImproveTotal=1327
[IMPROVE] Iter=131568 | T=0.296161 | NewBest=213381 | Δ=3 | ImproveTotal=1328
[IMPROVE] Iter=131638 | T=0.294094 | NewBest=213378 | Δ=3 | ImproveTotal=1329
[IMPROVE] Iter=131696 | T=0.292334 | NewBest=213376 | Δ=2 | ImproveTotal=1330
[IMPROVE] Iter=132116 | T=0.280305 | NewBest=213373 | Δ=3 | ImproveTotal=1331
[IMPROVE] Iter=132279 | T=0.275853 | NewBest=213372 | Δ=1 | ImproveTotal=1332
[IMPROVE] Iter=132788 | T=0.262131 | NewBest=213366 | Δ=6 | ImproveTotal=1333
[IMPROVE] Iter=132985 | T=0.256938 | NewBest=213365 | Δ=1 | ImproveTotal=1334
[IMPROVE] Iter=133022 | T=0.255911 | NewBest=213360 | Δ=5 | ImproveTotal=1335
[IMPROVE] Iter=133373 | T=0.247105 | NewBest=213359 | Δ=1 | ImproveTotal=1336
[IMPROVE] Iter=133942 | T=0.233407 | NewBest=213357 | Δ=2 | ImproveTotal=1337
[IMPROVE] Iter=133959 | T=0.233174 | NewBest=213356 | Δ=1 | ImproveTotal=1338
[IMPROVE] Iter=133968 | T=0.232941 | NewBest=213355 | Δ=1 | ImproveTotal=1339
[IMPROVE] Iter=133993 | T=0.232243 | NewBest=213354 | Δ=1 | ImproveTotal=1340
[IMPROVE] Iter=134152 | T=0.228555 | NewBest=213353 | Δ=1 | ImproveTotal=1341
[IMPROVE] Iter=134807 | T=0.214164 | NewBest=213352 | Δ=1 | ImproveTotal=1342
[IMPROVE] Iter=135243 | T=0.204941 | NewBest=213337 | Δ=15 | ImproveTotal=1343
[IMPROVE] Iter=136440 | T=0.181937 | NewBest=213335 | Δ=2 | ImproveTotal=1344
[IMPROVE] Iter=136607 | T=0.178869 | NewBest=213334 | Δ=1 | ImproveTotal=1345
[IMPROVE] Iter=136719 | T=0.176911 | NewBest=213331 | Δ=3 | ImproveTotal=1346
[IMPROVE] Iter=136994 | T=0.172024 | NewBest=213327 | Δ=4 | ImproveTotal=1347
[IMPROVE] Iter=137278 | T=0.167272 | NewBest=213324 | Δ=3 | ImproveTotal=1348
[IMPROVE] Iter=137399 | T=0.165275 | NewBest=213323 | Δ=1 | ImproveTotal=1349
[IMPROVE] Iter=138165 | T=0.153021 | NewBest=213322 | Δ=1 | ImproveTotal=1350
[IMPROVE] Iter=138206 | T=0.15241 | NewBest=213319 | Δ=3 | ImproveTotal=1351
[IMPROVE] Iter=138380 | T=0.149839 | NewBest=213318 | Δ=1 | ImproveTotal=1352
[IMPROVE] Iter=138928 | T=0.141817 | NewBest=213317 | Δ=1 | ImproveTotal=1353
[IMPROVE] Iter=138958 | T=0.141392 | NewBest=213316 | Δ=1 | ImproveTotal=1354
[IMPROVE] Iter=139115 | T=0.139146 | NewBest=213313 | Δ=3 | ImproveTotal=1355
[IMPROVE] Iter=140266 | T=0.124023 | NewBest=213310 | Δ=3 | ImproveTotal=1356
[IMPROVE] Iter=140912 | T=0.116214 | NewBest=213309 | Δ=1 | ImproveTotal=1357
[IMPROVE] Iter=141036 | T=0.114827 | NewBest=213301 | Δ=8 | ImproveTotal=1358
[IMPROVE] Iter=142140 | T=0.102861 | NewBest=213300 | Δ=1 | ImproveTotal=1359
[IMPROVE] Iter=142265 | T=0.101532 | NewBest=213299 | Δ=1 | ImproveTotal=1360
[IMPROVE] Iter=142382 | T=0.10032 | NewBest=213296 | Δ=3 | ImproveTotal=1361
[IMPROVE] Iter=142466 | T=0.0995201 | NewBest=213295 | Δ=1 | ImproveTotal=1362
[IMPROVE] Iter=142475 | T=0.0994205 | NewBest=213289 | Δ=6 | ImproveTotal=1363
[IMPROVE] Iter=142533 | T=0.0988255 | NewBest=213287 | Δ=2 | ImproveTotal=1364
[IMPROVE] Iter=142597 | T=0.098234 | NewBest=213285 | Δ=2 | ImproveTotal=1365
[IMPROVE] Iter=142983 | T=0.0944748 | NewBest=213281 | Δ=4 | ImproveTotal=1366
[IMPROVE] Iter=143181 | T=0.0926031 | NewBest=213278 | Δ=3 | ImproveTotal=1367
[IMPROVE] Iter=143419 | T=0.0904965 | NewBest=213276 | Δ=2 | ImproveTotal=1368
[IMPROVE] Iter=144898 | T=0.0780413 | NewBest=213275 | Δ=1 | ImproveTotal=1369
[IMPROVE] Iter=145666 | T=0.0722548 | NewBest=213270 | Δ=5 | ImproveTotal=1370
[IMPROVE] Iter=145680 | T=0.0721826 | NewBest=213269 | Δ=1 | ImproveTotal=1371
[IMPROVE] Iter=145764 | T=0.0715355 | NewBest=213267 | Δ=2 | ImproveTotal=1372
[IMPROVE] Iter=145894 | T=0.0706111 | NewBest=213265 | Δ=2 | ImproveTotal=1373
[IMPROVE] Iter=146270 | T=0.068045 | NewBest=213259 | Δ=6 | ImproveTotal=1374
[IMPROVE] Iter=146324 | T=0.0676377 | NewBest=213258 | Δ=1 | ImproveTotal=1375
[IMPROVE] Iter=146380 | T=0.0673002 | NewBest=213255 | Δ=3 | ImproveTotal=1376
[IMPROVE] Iter=146959 | T=0.063506 | NewBest=213254 | Δ=1 | ImproveTotal=1377
[IMPROVE] Iter=146969 | T=0.0634425 | NewBest=213251 | Δ=3 | ImproveTotal=1378
[IMPROVE] Iter=147001 | T=0.0631891 | NewBest=213248 | Δ=3 | ImproveTotal=1379
[IMPROVE] Iter=147024 | T=0.0630628 | NewBest=213245 | Δ=3 | ImproveTotal=1380
[IMPROVE] Iter=147654 | T=0.0592105 | NewBest=213241 | Δ=4 | ImproveTotal=1381
[IMPROVE] Iter=148270 | T=0.0557049 | NewBest=213239 | Δ=2 | ImproveTotal=1382
[IMPROVE] Iter=149411 | T=0.0496506 | NewBest=213236 | Δ=3 | ImproveTotal=1383
[IMPROVE] Iter=149412 | T=0.0496506 | NewBest=213233 | Δ=3 | ImproveTotal=1384
[IMPROVE] Iter=150427 | T=0.0448786 | NewBest=213232 | Δ=1 | ImproveTotal=1385
[IMPROVE] Iter=150735 | T=0.043508 | NewBest=213226 | Δ=6 | ImproveTotal=1386
[IMPROVE] Iter=151122 | T=0.0418431 | NewBest=213225 | Δ=1 | ImproveTotal=1387
[IMPROVE] Iter=151174 | T=0.0416343 | NewBest=213224 | Δ=1 | ImproveTotal=1388
[IMPROVE] Iter=151188 | T=0.0415926 | NewBest=213219 | Δ=5 | ImproveTotal=1389
[IMPROVE] Iter=151506 | T=0.0402821 | NewBest=213215 | Δ=4 | ImproveTotal=1390
[IMPROVE] Iter=151512 | T=0.0402418 | NewBest=213212 | Δ=3 | ImproveTotal=1391
[IMPROVE] Iter=151836 | T=0.0389738 | NewBest=213211 | Δ=1 | ImproveTotal=1392
[IMPROVE] Iter=152507 | T=0.0364469 | NewBest=213209 | Δ=2 | ImproveTotal=1393
[IMPROVE] Iter=152508 | T=0.0364469 | NewBest=213208 | Δ=1 | ImproveTotal=1394
[IMPROVE] Iter=152607 | T=0.0360841 | NewBest=213204 | Δ=4 | ImproveTotal=1395
[IMPROVE] Iter=152774 | T=0.0354755 | NewBest=213203 | Δ=1 | ImproveTotal=1396
[IMPROVE] Iter=152778 | T=0.0354755 | NewBest=213198 | Δ=5 | ImproveTotal=1397
[IMPROVE] Iter=153072 | T=0.0344266 | NewBest=213196 | Δ=2 | ImproveTotal=1398
[IMPROVE] Iter=153511 | T=0.0329439 | NewBest=213195 | Δ=1 | ImproveTotal=1399
[IMPROVE] Iter=153958 | T=0.0315251 | NewBest=213194 | Δ=1 | ImproveTotal=1400
[IMPROVE] Iter=154534 | T=0.0297478 | NewBest=213192 | Δ=2 | ImproveTotal=1401
[IMPROVE] Iter=154681 | T=0.0293047 | NewBest=213191 | Δ=1 | ImproveTotal=1402
[IMPROVE] Iter=154940 | T=0.0285808 | NewBest=213190 | Δ=1 | ImproveTotal=1403
[IMPROVE] Iter=155599 | T=0.0267545 | NewBest=213189 | Δ=1 | ImproveTotal=1404
[IMPROVE] Iter=155638 | T=0.0266476 | NewBest=213188 | Δ=1 | ImproveTotal=1405
[IMPROVE] Iter=155687 | T=0.0265147 | NewBest=213185 | Δ=3 | ImproveTotal=1406
[IMPROVE] Iter=155897 | T=0.0259634 | NewBest=213183 | Δ=2 | ImproveTotal=1407
[IMPROVE] Iter=156047 | T=0.0255766 | NewBest=213182 | Δ=1 | ImproveTotal=1408
[IMPROVE] Iter=156645 | T=0.0240865 | NewBest=213180 | Δ=2 | ImproveTotal=1409
[IMPROVE] Iter=156688 | T=0.0239903 | NewBest=213175 | Δ=5 | ImproveTotal=1410
[IMPROVE] Iter=156843 | T=0.0236093 | NewBest=213169 | Δ=6 | ImproveTotal=1411
[IMPROVE] Iter=157163 | T=0.0228654 | NewBest=213167 | Δ=2 | ImproveTotal=1412
[IMPROVE] Iter=157561 | T=0.0219684 | NewBest=213166 | Δ=1 | ImproveTotal=1413
[IMPROVE] Iter=157746 | T=0.0215763 | NewBest=213163 | Δ=3 | ImproveTotal=1414
[IMPROVE] Iter=158159 | T=0.0207091 | NewBest=213162 | Δ=1 | ImproveTotal=1415
[IMPROVE] Iter=158183 | T=0.0206471 | NewBest=213156 | Δ=6 | ImproveTotal=1416
[IMPROVE] Iter=158739 | T=0.0195416 | NewBest=213155 | Δ=1 | ImproveTotal=1417
[IMPROVE] Iter=158882 | T=0.0192505 | NewBest=213152 | Δ=3 | ImproveTotal=1418
[IMPROVE] Iter=159004 | T=0.0190208 | NewBest=213149 | Δ=3 | ImproveTotal=1419
[IMPROVE] Iter=159487 | T=0.0181289 | NewBest=213148 | Δ=1 | ImproveTotal=1420
[IMPROVE] Iter=159787 | T=0.0175928 | NewBest=213145 | Δ=3 | ImproveTotal=1421
[IMPROVE] Iter=159809 | T=0.0175577 | NewBest=213143 | Δ=2 | ImproveTotal=1422
[IMPROVE] Iter=160118 | T=0.0170215 | NewBest=213141 | Δ=2 | ImproveTotal=1423
[IMPROVE] Iter=160504 | T=0.0163701 | NewBest=213140 | Δ=1 | ImproveTotal=1424
[IMPROVE] Iter=160849 | T=0.0158226 | NewBest=213139 | Δ=1 | ImproveTotal=1425
[IMPROVE] Iter=161887 | T=0.014259 | NewBest=213137 | Δ=2 | ImproveTotal=1426
[IMPROVE] Iter=161947 | T=0.0141736 | NewBest=213133 | Δ=4 | ImproveTotal=1427
[IMPROVE] Iter=162153 | T=0.013879 | NewBest=213123 | Δ=10 | ImproveTotal=1428
[IMPROVE] Iter=163448 | T=0.0121985 | NewBest=213122 | Δ=1 | ImproveTotal=1429
[IMPROVE] Iter=163488 | T=0.0121497 | NewBest=213120 | Δ=2 | ImproveTotal=1430
[IMPROVE] Iter=163966 | T=0.01158 | NewBest=213116 | Δ=4 | ImproveTotal=1431
[IMPROVE] Iter=164349 | T=0.011148 | NewBest=213114 | Δ=2 | ImproveTotal=1432
[IMPROVE] Iter=164387 | T=0.0111035 | NewBest=213112 | Δ=2 | ImproveTotal=1433
[IMPROVE] Iter=164560 | T=0.0109163 | NewBest=213110 | Δ=2 | ImproveTotal=1434
[IMPROVE] Iter=164775 | T=0.0106786 | NewBest=213109 | Δ=1 | ImproveTotal=1435
[IMPROVE] Iter=165052 | T=0.0103836 | NewBest=213107 | Δ=2 | ImproveTotal=1436
[IMPROVE] Iter=165069 | T=0.0103732 | NewBest=213100 | Δ=7 | ImproveTotal=1437
[IMPROVE] Iter=165577 | T=0.00985721 | NewBest=213099 | Δ=1 | ImproveTotal=1438
[IMPROVE] Iter=165810 | T=0.00963297 | NewBest=213097 | Δ=2 | ImproveTotal=1439
[IMPROVE] Iter=165822 | T=0.00961371 | NewBest=213094 | Δ=3 | ImproveTotal=1440
[IMPROVE] Iter=166044 | T=0.00940442 | NewBest=213092 | Δ=2 | ImproveTotal=1441
[IMPROVE] Iter=166114 | T=0.00933878 | NewBest=213090 | Δ=2 | ImproveTotal=1442
[IMPROVE] Iter=166802 | T=0.00871583 | NewBest=213089 | Δ=1 | ImproveTotal=1443
[IMPROVE] Iter=166989 | T=0.00856028 | NewBest=213087 | Δ=2 | ImproveTotal=1444
[IMPROVE] Iter=167910 | T=0.00780751 | NewBest=213085 | Δ=2 | ImproveTotal=1445
[IMPROVE] Iter=168081 | T=0.00766816 | NewBest=213084 | Δ=1 | ImproveTotal=1446
[IMPROVE] Iter=168666 | T=0.00723585 | NewBest=213083 | Δ=1 | ImproveTotal=1447
[IMPROVE] Iter=169608 | T=0.00658636 | NewBest=213082 | Δ=1 | ImproveTotal=1448
[IMPROVE] Iter=169849 | T=0.00643009 | NewBest=213081 | Δ=1 | ImproveTotal=1449
[IMPROVE] Iter=170068 | T=0.00629011 | NewBest=213080 | Δ=1 | ImproveTotal=1450
[IMPROVE] Iter=170822 | T=0.00582955 | NewBest=213078 | Δ=2 | ImproveTotal=1451
[IMPROVE] Iter=171029 | T=0.00571406 | NewBest=213076 | Δ=2 | ImproveTotal=1452
[IMPROVE] Iter=171212 | T=0.00560647 | NewBest=213073 | Δ=3 | ImproveTotal=1453
[IMPROVE] Iter=171853 | T=0.00525873 | NewBest=213072 | Δ=1 | ImproveTotal=1454
[IMPROVE] Iter=172054 | T=0.00515454 | NewBest=213071 | Δ=1 | ImproveTotal=1455
[IMPROVE] Iter=172642 | T=0.00485908 | NewBest=213070 | Δ=1 | ImproveTotal=1456
[IMPROVE] Iter=173095 | T=0.00464516 | NewBest=213069 | Δ=1 | ImproveTotal=1457
[IMPROVE] Iter=173413 | T=0.0044988 | NewBest=213068 | Δ=1 | ImproveTotal=1458
[IMPROVE] Iter=173456 | T=0.00448083 | NewBest=213066 | Δ=2 | ImproveTotal=1459
[IMPROVE] Iter=174150 | T=0.00418194 | NewBest=213058 | Δ=8 | ImproveTotal=1460
[IMPROVE] Iter=174824 | T=0.00390688 | NewBest=213057 | Δ=1 | ImproveTotal=1461
[IMPROVE] Iter=175168 | T=0.00377622 | NewBest=213056 | Δ=1 | ImproveTotal=1462
[IMPROVE] Iter=175245 | T=0.00374611 | NewBest=213055 | Δ=1 | ImproveTotal=1463
[IMPROVE] Iter=175819 | T=0.00353846 | NewBest=213051 | Δ=4 | ImproveTotal=1464
[IMPROVE] Iter=176261 | T=0.00338268 | NewBest=213049 | Δ=2 | ImproveTotal=1465
[IMPROVE] Iter=176671 | T=0.00324673 | NewBest=213047 | Δ=2 | ImproveTotal=1466
[IMPROVE] Iter=176919 | T=0.0031697 | NewBest=213046 | Δ=1 | ImproveTotal=1467
[IMPROVE] Iter=177104 | T=0.00311001 | NewBest=213045 | Δ=1 | ImproveTotal=1468
[IMPROVE] Iter=177888 | T=0.00287654 | NewBest=213044 | Δ=1 | ImproveTotal=1469
[IMPROVE] Iter=177943 | T=0.00285932 | NewBest=213042 | Δ=2 | ImproveTotal=1470
[IMPROVE] Iter=177974 | T=0.00285075 | NewBest=213040 | Δ=2 | ImproveTotal=1471
[IMPROVE] Iter=178659 | T=0.00266325 | NewBest=213038 | Δ=2 | ImproveTotal=1472
[IMPROVE] Iter=179174 | T=0.00252824 | NewBest=213037 | Δ=1 | ImproveTotal=1473
[IMPROVE] Iter=180759 | T=0.00215856 | NewBest=213032 | Δ=5 | ImproveTotal=1474
[IMPROVE] Iter=180787 | T=0.0021521 | NewBest=213031 | Δ=1 | ImproveTotal=1475
[IMPROVE] Iter=181887 | T=0.00192781 | NewBest=213030 | Δ=1 | ImproveTotal=1476
[IMPROVE] Iter=182479 | T=0.00181731 | NewBest=213026 | Δ=4 | ImproveTotal=1477
[IMPROVE] Iter=182824 | T=0.00175477 | NewBest=213024 | Δ=2 | ImproveTotal=1478
[IMPROVE] Iter=182932 | T=0.00173557 | NewBest=213021 | Δ=3 | ImproveTotal=1479
[IMPROVE] Iter=185091 | T=0.00139826 | NewBest=213020 | Δ=1 | ImproveTotal=1480
[IMPROVE] Iter=185645 | T=0.00132339 | NewBest=213019 | Δ=1 | ImproveTotal=1481
[IMPROVE] Iter=185807 | T=0.00130238 | NewBest=213018 | Δ=1 | ImproveTotal=1482
[IMPROVE] Iter=186065 | T=0.00126893 | NewBest=213014 | Δ=4 | ImproveTotal=1483
[IMPROVE] Iter=186706 | T=0.00119023 | NewBest=213013 | Δ=1 | ImproveTotal=1484
[IMPROVE] Iter=187287 | T=0.00112313 | NewBest=213012 | Δ=1 | ImproveTotal=1485
[IMPROVE] Iter=187495 | T=0.00109978 | NewBest=213011 | Δ=1 | ImproveTotal=1486
[IMPROVE] Iter=187517 | T=0.00109758 | NewBest=213009 | Δ=2 | ImproveTotal=1487
[IMPROVE] Iter=188427 | T=0.00100206 | NewBest=213007 | Δ=2 | ImproveTotal=1488
[IMPROVE] Iter=189338 | T=0.000914858 | NewBest=213006 | Δ=1 | ImproveTotal=1489
[IMPROVE] Iter=190483 | T=0.000815427 | NewBest=213003 | Δ=3 | ImproveTotal=1490
[IMPROVE] Iter=191735 | T=0.000719567 | NewBest=213001 | Δ=2 | ImproveTotal=1491
[IMPROVE] Iter=191812 | T=0.00071383 | NewBest=212997 | Δ=4 | ImproveTotal=1492
[IMPROVE] Iter=191832 | T=0.000712403 | NewBest=212995 | Δ=2 | ImproveTotal=1493
[IMPROVE] Iter=192227 | T=0.000685141 | NewBest=212991 | Δ=4 | ImproveTotal=1494
[IMPROVE] Iter=193116 | T=0.00062677 | NewBest=212986 | Δ=5 | ImproveTotal=1495
[IMPROVE] Iter=194254 | T=0.000559209 | NewBest=212984 | Δ=2 | ImproveTotal=1496
[IMPROVE] Iter=195657 | T=0.000486119 | NewBest=212983 | Δ=1 | ImproveTotal=1497
[IMPROVE] Iter=195935 | T=0.00047269 | NewBest=212981 | Δ=2 | ImproveTotal=1498
[IMPROVE] Iter=199527 | T=0.000330055 | NewBest=212979 | Δ=2 | ImproveTotal=1499
[IMPROVE] Iter=201173 | T=0.000279829 | NewBest=212978 | Δ=1 | ImproveTotal=1500
[IMPROVE] Iter=201270 | T=0.00027732 | NewBest=212976 | Δ=2 | ImproveTotal=1501
[IMPROVE] Iter=201385 | T=0.000274011 | NewBest=212974 | Δ=2 | ImproveTotal=1502
[IMPROVE] Iter=201708 | T=0.000265377 | NewBest=212970 | Δ=4 | ImproveTotal=1503
[IMPROVE] Iter=203605 | T=0.000219435 | NewBest=212968 | Δ=2 | ImproveTotal=1504
[IMPROVE] Iter=204279 | T=0.000205208 | NewBest=212965 | Δ=3 | ImproveTotal=1505
[IMPROVE] Iter=204347 | T=0.000203775 | NewBest=212964 | Δ=1 | ImproveTotal=1506
[IMPROVE] Iter=205865 | T=0.000175027 | NewBest=212963 | Δ=1 | ImproveTotal=1507
[IMPROVE] Iter=206261 | T=0.000168161 | NewBest=212962 | Δ=1 | ImproveTotal=1508
[IMPROVE] Iter=209859 | T=0.000117418 | NewBest=212961 | Δ=1 | ImproveTotal=1509
[IMPROVE] Iter=210002 | T=0.000115669 | NewBest=212960 | Δ=1 | ImproveTotal=1510
[IMPROVE] Iter=210387 | T=0.000111354 | NewBest=212959 | Δ=1 | ImproveTotal=1511
[IMPROVE] Iter=210550 | T=0.000109586 | NewBest=212958 | Δ=1 | ImproveTotal=1512
[IMPROVE] Iter=210626 | T=0.000108712 | NewBest=212957 | Δ=1 | ImproveTotal=1513
[IMPROVE] Iter=211088 | T=0.000103822 | NewBest=212956 | Δ=1 | ImproveTotal=1514
